             Summed  Coherent  Num        Period          Frequency         FFT 'r'        Freq Deriv       FFT 'z'         Accel                           
Cand  Sigma  Power    Power    Harm        (ms)             (Hz)             (bin)           (Hz/s)         (bins)         (m/s^2)             Notes        
------------------------------------------------------------------------------------------------------------------------------------------------------------
1     31188  486354  80564349   8    0.0(-2147483648)     0.00000(3)       0.000(63)      0.0(5)x10^-7      0.00(25)   0.0(-214748364.                        
2     419.6  88143.   39.54     8      2.72(2)x10^5       0.00368(3)       8.438(63)        5(5)x10^-8      0.25(25)    3.9(3.9)x10^3     H 46 of Cand 1
3     13.44  113.46   129.79    4      5.10(1)x10^4       0.01960(5)       45.00(13)        9(9)x10^-8      0.50(50)    1.5(1.5)x10^3                         
4     10.57  67.67     5.82     1        1313.2(4)        0.7615(2)       1748.00(50)       4(4)x10^-7      2.0(2.0)    1.5(1.5)x10^2     H 38 of Cand 3
5     8.41   65.80    134.99    8      4.770(6)x10^4      0.02096(3)       48.125(63)       5(5)x10^-8      0.25(25)    6.8(6.8)x10^2                         
6     8.02   43.75     5.25     1        1293.6(4)        0.7730(2)       1774.50(50)       4(4)x10^-7      2.0(2.0)    1.5(1.5)x10^2     H 39 of Cand 3
7     7.92   51.65    12.47     4      2.791(4)x10^4      0.03583(5)       82.25(13)        9(9)x10^-8      0.50(50)    7.9(7.9)x10^2     H 10 of Cand 2
8     5.76   30.59     2.24     2        1291.4(2)        0.7743(1)       1777.50(25)       2(2)x10^-7      1.0(1.0)        73(73)        H 39 of Cand 3
9     4.80   22.63     7.25     1        1335.4(4)        0.7489(2)       1719.00(50)      -4(4)x10^-7     -2.0(2.0)   -1.5(1.5)x10^2     H 37 of Cand 3
10    3.18   18.03     3.23     2        1280.4(2)        0.7810(1)       1792.75(25)       2(2)x10^-7      1.0(1.0)        73(73)        H 40 of Cand 3
11    2.83   14.65     5.48     1        652.59(9)        1.5323(2)       3517.50(50)       4(4)x10^-7      2.0(2.0)        74(74)        H 43 of Cand 7


                        Power /          Raw           FFT 'r'          Pred 'r'       FFT 'z'     Pred 'z'      Phase       Centroid     Purity                        
Cand   Harm  Sigma      Loc Pow         Power           (bin)             (bin)         (bins)      (bins)       (rad)        (0-1)      <p> = 1           Notes        
------------------------------------------------------------------------------------------------------------------------------------------------------------------------
 1     1     1583.   1.2545(16)x10^   3.41e+18      0.3(5.4)x10^-6        0.00       -0.00103558(    0.00      6.28262(63)   0.26462(1   64.978874                        
       2     1573.   1.2382(16)x10^   3.41e+18      0.6(5.4)x10^-6        0.00       -0.00207116(    0.00      6.28208(64)   0.27903(1   64.978874                        
       3     1588.   1.2612(16)x10^   3.41e+18      1.0(5.3)x10^-6        0.00       -0.00310675(    0.00      6.28154(63)   0.29344(1   64.978874                        
       4     1590.   1.2646(16)x10^   3.41e+18      1.3(5.3)x10^-6        0.00       -0.00414233(    0.00      6.28099(63)   0.30784(1   64.978874                        
       5     1579.   1.2481(16)x10^   3.41e+18      1.6(5.4)x10^-6        0.00       -0.00517791(    0.00      6.28045(63)   0.32225(1   64.978889                        
       6     1594.   1.2713(16)x10^   3.41e+18      1.9(5.3)x10^-6        0.00       -0.00621349(    0.00      6.27991(63)   0.33666(1   64.978889                        
       7     1596.   1.2747(16)x10^   3.41e+18      2.2(5.3)x10^-6        0.00       -0.00724907(    0.00      6.27936(63)   0.35106(1   64.978889                        
       8     1586.   1.2580(16)x10^   3.41e+18      2.5(5.3)x10^-6        0.00       -0.00828465(    0.00      6.27882(63)   0.36547(1   64.978889                        
 2     1     0.00      0.002(70)      3.59e+14         8.9(1.4)           8.44        -2.3(2.0)      0.25      0.3(1.4)x10   1.1(4.1)    5.6(1.1)                         
       2     0.00       0.06(36)      4.18e+14         17.8(1.0)          16.88       -4.7(5.4)      0.50       3.7(2.8)     0.58(81)    1.49(84)                         
       3     0.00       0.7(1.2)      3.57e+14         26.70(41)          25.31       -7.0(2.8)      0.75       4.01(86)     0.59(25)    1.15(33)                         
       4     1.98       3.7(2.7)      2.93e+14         35.59(12)          33.75       -9.36(60)      1.00       4.42(37)     0.52(11)    1.62(10)                         
       5     17.58      158(18)       2.05e+14        44.494(19)          42.19      -11.699(87)     1.25       4.637(56)    0.558(16)   1.664(15)                        
       6     19.58      196(20)       9.74e+13        53.392(17)          50.62      -14.039(79)     1.50       5.024(51)    0.555(15)   1.658(14)                        
       7     0.00       0.35(83)      2.65e+11         62.29(53)          59.06       -16.4(3.3)     1.75       4.2(1.2)     0.58(35)    1.25(43)                         
       8     0.00       0.27(73)      9.95e+10         71.19(44)          67.50       -18.7(2.0)     2.00       6.0(1.4)     0.97(40)    1.71(36)                         
 3     1     21.11      227(21)       1.67e+14        45.490(15)          45.00        1.853(69)     0.50       4.664(47)    0.466(14)   1.704(12)                        
       2     0.00       0.24(69)      1.13e+11         90.98(22)          90.00        3.71(47)      1.00       6.0(1.4)     1.39(42)    3.64(18)                         
       3     0.52       1.2(1.5)      1.24e+11        136.47(33)         135.00        5.6(2.3)      1.50       4.33(65)     0.88(19)    1.09(27)                         
       4     2.38       4.7(3.1)      7.76e+11        181.96(17)         180.00        7.4(1.3)      2.00       2.78(32)     0.477(94)   1.03(14)                         
 4     1     2.75       5.8(3.4)      2.96e+12        1748.00(32)        1748.00       1.3(5.0)      2.00       0.43(29)     0.632(85)   0.50(26)                         
 5     1     18.09      168(18)       1.42e+14        47.503(17)          48.12       -0.193(77)     0.25       4.618(55)    0.464(16)   1.744(14)                        
       2     0.36       1.0(1.4)      6.46e+11         95.01(58)          96.25       -0.4(6.8)      0.50       0.44(70)     0.83(20)    0.66(47)                         
       3     0.00       0.44(94)       4.3e+10        142.51(38)         144.38       -0.6(1.9)      0.75       5.7(1.1)     0.35(31)    1.54(31)                         
       4     0.00       0.6(1.1)      9.95e+10        190.01(53)         192.50       -0.8(4.4)      1.00       3.34(89)     0.40(26)    0.93(43)                         
       5     0.00       0.16(57)      2.42e+10        237.51(92)         240.62       -1.0(6.8)      1.25       3.9(1.8)     0.55(51)    1.05(74)                         
       6     0.00       0.28(75)      2.79e+10        285.02(50)         288.75       -1.2(2.6)      1.50       5.4(1.3)     0.37(39)    1.49(40)                         
       7     2.16       4.2(2.9)      1.67e+11        332.52(19)         336.88       -1.3(1.5)      1.75       5.06(35)     0.55(10)    1.00(15)                         
       8     0.80       1.6(1.8)      6.24e+10        380.02(30)         385.00       -1.5(2.2)      2.00       4.54(57)     0.68(16)    1.05(24)                         
 6     1     2.56       5.2(3.2)      1.65e+12        1774.63(17)        1774.50       2.8(1.3)      2.00       2.92(31)     0.425(89)   1.00(14)                         
 7     1     2.68       5.6(3.3)      2.47e+12         82.51(14)          82.25        1.61(93)      0.50       0.31(30)     0.560(86)   1.17(11)                         
       2     0.66       1.4(1.7)      1.72e+11        165.03(22)         164.50        3.2(1.1)      1.00       3.85(61)     0.58(17)    1.55(17)                         
       3     0.12       0.8(1.3)      7.71e+10        247.54(40)         246.75        4.8(2.9)      1.50       0.59(79)     0.60(23)    1.09(33)                         
       4     2.38       4.7(3.1)      2.59e+11        330.06(17)         329.00        6.4(1.3)      2.00       2.23(32)     0.575(94)   1.05(14)                         
 8     1     2.46       5.0(3.2)      1.38e+12        1777.40(19)        1777.50      -0.1(1.6)      1.00       0.57(32)     0.310(92)   0.93(15)                         
       2     0.14       0.8(1.3)      5.25e+10        3554.80(57)        3555.00      -0.2(5.7)      2.00       4.77(78)     0.76(23)    0.76(46)                         
 9     1     3.19       7.3(3.8)      9.69e+11        1718.93(13)        1719.00      -1.77(89)      -2.00      0.43(26)     0.606(76)   1.12(10)                         
 10    1     2.96       6.5(3.6)      1.02e+12        1793.71(15)        1792.75      -1.7(1.1)      1.00       3.96(28)     0.532(80)   1.02(12)                         
       2     0.00       0.7(1.2)      2.75e+10        3587.42(59)        3585.50      -3.4(5.6)      2.00       4.43(87)     0.40(25)    0.82(48)                         
 11    1     2.64       5.5(3.3)      7.45e+11        3517.29(16)        3517.50       1.4(1.2)      2.00       1.18(30)     0.549(87)   1.02(13)                         


 Data file name without suffix          =  ls5039_first_025s
 Telescope used                         =  GTC
 Instrument used                        =  CIRCE
 Object being observed                  =  LS5039
 J2000 Right Ascension (hh:mm:ss.ssss)  =  18:26:15.0568
 J2000 Declination     (dd:mm:ss.ssss)  =  -14:50:54.242
 Data observed by                       =  Dallilar
 Epoch of observation (MJD)             =  1325.29536961675
 Barycentered?           (1 yes, 0 no)  =  0
 Number of bins in the time series      =  9182
 Width of each time series bin (sec)    =  0.25
 Any breaks in the data? (1 yes, 0 no)  =  0
 Type of observation (EM band)          =  IR
 Photometric filter used                =  Other
 Field-of-view diameter (arcsec)        =  180.00
 Central wavelength (nm)                =  500.0
 Bandpass (nm)                          =  400.0
 Data analyzed by                       =  unset
 Any additional notes:
   none
