             Summed  Coherent  Num        Period          Frequency         FFT 'r'        Freq Deriv       FFT 'z'         Accel                           
Cand  Sigma  Power    Power    Harm        (ms)             (Hz)             (bin)           (Hz/s)         (bins)         (m/s^2)             Notes        
------------------------------------------------------------------------------------------------------------------------------------------------------------
1     54602  149071  29239058   8    0.0(-2147483648)     0.00000(2)       0.000(63)      0.0(2)x10^-7      0.00(25)   0.0(-214748364.                        
2     32.14  563.77   481.74    8      2.55(1)x10^5       0.00392(2)       15.813(63)       2(2)x10^-8      0.25(25)    1.2(1.2)x10^3                         
3     20.33  232.98   428.96    4      8.95(2)x10^4       0.01118(3)       45.13(13)       -3(3)x10^-8     -0.50(50)   -8.2(8.2)x10^2                         
4     11.10  77.80    18.38     2        1307.7(1)        0.76467(6)      3087.75(25)     0.0(6)x10^-7      0.0(1.0)    0.0(2.4)x10^1     H 20 of Cand 5
5     8.81   54.35     6.21     2      2.622(4)x10^4      0.03814(6)       154.00(25)       6(6)x10^-8      1.0(1.0)    4.8(4.8)x10^2     H 10 of Cand 2
6     7.10   37.23     5.43     1        1290.9(2)        0.7746(1)       3128.00(50)     0.0(1)x10^-6      0.0(2.0)    0.0(4.7)x10^1                         
7     6.74   34.69     4.10     1        1296.5(2)        0.7713(1)       3114.50(50)     -1.0(1)x10^-7    -2.0(2.0)       -48(48)        SL? of Cand 6
8     6.26   34.40     2.94     2        1318.3(1)        0.75854(6)      3063.00(25)      -6(6)x10^-8     -1.0(1.0)       -24(24)                            
9     6.04   32.97     7.23     2        1286.6(1)        0.77724(6)      3138.50(25)      -6(6)x10^-8     -1.0(1.0)       -24(24)                            
10    5.16   27.72     1.53     2        1300.0(1)        0.76925(6)      3106.25(25)       6(6)x10^-8      1.0(1.0)        24(24)        SL? of Cand 7
11    4.79   25.73     3.18     2        1329.9(1)        0.75192(6)      3036.25(25)     0.0(6)x10^-7      0.0(1.0)    0.0(2.4)x10^1                         
12    4.38   21.18     6.03     1        650.35(5)        1.5376(1)       6209.00(50)     0.0(1)x10^-6      0.0(2.0)    0.0(2.4)x10^1     H 40 of Cand 5
13    3.23   16.52     8.68     1        1276.2(2)        0.7836(1)       3164.00(50)     -1.0(1)x10^-7    -2.0(2.0)       -47(47)                            
14    3.22   16.49     6.14     1        652.98(5)        1.5315(1)       6184.00(50)     -1.0(1)x10^-7    -2.0(2.0)       -24(24)        H 40 of Cand 5


                        Power /          Raw           FFT 'r'          Pred 'r'       FFT 'z'     Pred 'z'      Phase       Centroid     Purity                        
Cand   Harm  Sigma      Loc Pow         Power           (bin)             (bin)         (bins)      (bins)       (rad)        (0-1)      <p> = 1           Notes        
------------------------------------------------------------------------------------------------------------------------------------------------------------------------
 1     1     3000.   4.5011(30)x10^   1.11e+19      8.53(28)x10^-5        0.00       -0.00105347(    0.00      6.28242(33)   0.269985(   64.978027                        
       2     3008.   4.5249(30)x10^   1.11e+19       0.0001705(28)        0.00       -0.00210694(    0.00      6.28160(33)   0.291721(   64.978141                        
       3     3015.   4.5466(30)x10^   1.11e+19       0.0002558(28)        0.00       -0.00316042(    0.00      6.28078(33)   0.313457(   64.978256                        
       4     3021.   4.5660(30)x10^   1.11e+19       0.0003410(28)        0.00       -0.00421389(    0.00      6.27996(33)   0.335193(   64.978363                        
       5     3027.   4.5831(30)x10^   1.11e+19       0.0004263(28)        0.00       -0.00526736(    0.00      6.27914(33)   0.356929(   64.978469                        
       6     3032.   4.5978(30)x10^   1.11e+19       0.0005115(28)        0.00       -0.00632083(    0.00      6.27833(33)   0.378665(   64.978576                        
       7     3036.   4.6101(30)x10^   1.11e+19       0.0005968(28)        0.00       -0.00737431(    0.00      6.27751(33)   0.400401(   64.978675                        
       8     3039.   4.6199(30)x10^   1.11e+19       0.0006820(28)        0.00       -0.00842778(    0.00      6.27669(33)   0.422137(   64.978790                        
 2     1     0.00      0.003(71)      1.31e+15         15.2(3.5)          15.81       0.1(1.2)x10    0.25      0.6(1.4)x10   0.5(4.1)    2.2(2.8)                         
       2     1.17       2.1(2.1)      7.39e+14         30.33(19)          31.62        1.4(1.1)      0.50       5.17(49)     0.46(14)    1.39(16)                         
       3     27.90      394(28)       6.45e+14        45.491(12)          47.44        2.112(55)     0.75       4.733(36)    0.467(10)   1.6674(96                        
       4     0.99       1.8(1.9)       3.3e+12         60.66(86)          63.25       0.3(2.0)x10    1.00       5.07(52)     0.44(15)    0.33(70)                         
       5     0.00       0.5(1.0)      9.47e+11         75.82(69)          79.06        3.5(7.0)      1.25       0.10(95)     0.48(28)    0.76(56)                         
       6     0.00       0.6(1.1)      3.68e+11         90.98(50)          94.88        4.2(3.9)      1.50       0.98(90)     0.53(26)    0.99(41)                         
       7     0.74       1.5(1.7)      1.58e+11        106.15(27)         110.69        4.9(1.7)      1.75       3.44(58)     0.50(17)    1.20(22)                         
       8     0.00       0.09(42)       7.3e+09        121.31(94)         126.50        5.6(5.2)      2.00       0.1(2.4)     0.66(69)    1.41(76)                         
 3     1     28.23      403(28)       6.45e+14        45.496(12)          45.12        1.972(54)     -0.50      4.710(35)    0.467(10)   1.6647(95                        
       2     0.00       0.6(1.1)      3.77e+11         90.99(55)          90.25        3.9(4.7)      -1.00      0.78(90)     0.55(26)    0.90(44)                         
       3     0.20       0.9(1.3)      2.04e+11        136.49(23)         135.38        5.9(1.0)      -1.50      2.54(76)     0.30(22)    1.79(19)                         
       4     1.57       2.8(2.4)        4e+11         181.99(63)         180.50       0.8(1.3)x10    -2.00      5.09(42)     0.34(12)    0.37(51)                         
 4     1     4.08      10.7(4.6)      6.94e+12        3088.10(12)        3087.75       1.0(1.0)      0.00       3.66(22)     0.468(62)   0.96(10)                         
       2     1.33       2.4(2.2)      6.96e+11        6176.19(26)        6175.50       1.9(2.0)      0.00       0.02(46)     0.45(13)    0.98(21)                         
 5     1     3.50       8.4(4.1)      2.49e+12        154.02(14)         154.00        1.0(1.1)      1.00       3.63(24)     0.784(70)   0.98(11)                         
       2     2.23       4.4(2.9)      3.33e+11        308.04(18)         308.00        2.0(1.4)      2.00       5.11(34)     0.665(98)   1.03(15)                         
 6     1     2.62       5.4(3.3)      4.18e+12        3127.83(17)        3128.00      -0.2(1.3)      0.00       5.80(30)     0.399(88)   1.00(14)                         
 7     1     2.13       4.1(2.9)      4.38e+12        3114.33(22)        3114.50      -1.5(1.9)      -2.00      2.39(35)     0.35(10)    0.88(18)                         
 8     1     1.43       2.6(2.3)      1.84e+12        3063.09(53)        3063.00      -0.7(8.8)      -1.00      0.79(44)     0.55(13)    0.46(43)                         
       2     4.01      10.4(4.6)      9.35e+11        6126.18(13)        6126.00      -1.5(1.0)      -2.00      4.49(22)     0.466(63)   0.95(10)                         
 9     1     2.20       4.3(2.9)      2.97e+12        3138.46(21)        3138.50      -1.3(1.8)      -1.00      6.05(34)     0.531(99)   0.91(17)                         
       2     0.91       1.7(1.9)      1.47e+11        6276.93(24)        6277.00      -2.6(1.5)      -2.00      0.87(54)     0.42(16)    1.23(20)                         
 10    1     0.71       1.4(1.7)      1.23e+12        3106.23(61)        3106.25       0.6(8.7)      1.00       5.02(59)     0.31(17)    0.54(49)                         
       2     1.48       2.7(2.3)       6.7e+11        6212.46(20)        6212.50       1.2(1.3)      2.00       1.48(43)     0.44(13)    1.20(16)                         
 11    1     1.22       2.2(2.1)      1.11e+12        3036.87(36)        3036.25      -2.0(3.8)      0.00       1.54(48)     0.60(14)    0.74(29)                         
       2     1.87       3.5(2.6)      3.14e+11        6073.74(22)        6072.50      -4.0(1.7)      0.00       5.12(38)     0.69(11)    0.96(18)                         
 12    1     2.82       6.0(3.5)      1.66e+12        6208.99(14)        6209.00      -0.11(99)      0.00       3.15(29)     0.521(83)   1.11(12)                         
 13    1     3.58       8.7(4.2)      2.31e+12        3164.13(15)        3164.00      -5.6(1.3)      -2.00      2.81(24)     0.513(69)   0.89(12)                         
 14    1     2.85       6.1(3.5)      1.56e+12        6183.82(17)        6184.00      -3.7(1.4)      -2.00      4.09(29)     0.538(82)   0.92(14)                         


 Data file name without suffix          =  ls5039_second_025s
 Telescope used                         =  GTC
 Instrument used                        =  CIRCE
 Object being observed                  =  LS5039
 J2000 Right Ascension (hh:mm:ss.ssss)  =  18:26:15.0568
 J2000 Declination     (dd:mm:ss.ssss)  =  -14:50:54.242
 Data observed by                       =  Dallilar
 Epoch of observation (MJD)             =  1325.29536961675
 Barycentered?           (1 yes, 0 no)  =  0
 Number of bins in the time series      =  16152
 Width of each time series bin (sec)    =  0.25
 Any breaks in the data? (1 yes, 0 no)  =  0
 Type of observation (EM band)          =  IR
 Photometric filter used                =  Other
 Field-of-view diameter (arcsec)        =  180.00
 Central wavelength (nm)                =  500.0
 Bandpass (nm)                          =  400.0
 Data analyzed by                       =  unset
 Any additional notes:
   none
