             Summed  Coherent  Num        Period          Frequency         FFT 'r'        Freq Deriv       FFT 'z'         Accel                           
Cand  Sigma  Power    Power    Harm        (ms)             (Hz)             (bin)           (Hz/s)         (bins)         (m/s^2)             Notes        
------------------------------------------------------------------------------------------------------------------------------------------------------------
1     4973.  123669  11740180   8    0.0(-2147483648)     0.00000(3)       0.000(63)      0.0(5)x10^-7      0.00(25)   0.0(-214748364.                        
2     87.71  3908.1   133.73    8      3.17(3)x10^5       0.00316(3)       7.250(63)        5(5)x10^-8      0.25(25)    4.5(4.5)x10^3     H 39 of Cand 1
3     2.38   25.77    46.05     8         8529(2)         0.11724(3)      269.125(63)      -5(5)x10^-8     -0.25(25)   -1.2(1.2)x10^2     H 37 of Cand 2


                        Power /          Raw           FFT 'r'          Pred 'r'       FFT 'z'     Pred 'z'      Phase       Centroid     Purity                        
Cand   Harm  Sigma      Loc Pow         Power           (bin)             (bin)         (bins)      (bins)       (rad)        (0-1)      <p> = 1           Notes        
------------------------------------------------------------------------------------------------------------------------------------------------------------------------
 1     1     611.3   1.8688(61)x10^   1.33e+16      0.1(1.4)x10^-5        0.00        0.0010291(1    0.00     -6.2826(16)    166.90018   64.978859                        
       2     567.3   1.6093(57)x10^   1.33e+16      0.2(1.5)x10^-5        0.00        0.0020583(1    0.00     -6.2820(18)    166.88596   64.978859                        
       3     611.2   1.8683(61)x10^   1.33e+16      0.3(1.4)x10^-5        0.00        0.0030874(1    0.00     -6.2815(16)    166.87175   64.978874                        
       4     611.2   1.8680(61)x10^   1.33e+16      0.3(1.4)x10^-5        0.00        0.0041165(1    0.00     -6.2810(16)    166.85753   64.978859                        
       5     611.1   1.8677(61)x10^   1.33e+16      0.4(1.4)x10^-5        0.00        0.0051457(1    0.00     -6.2804(16)    166.84332   64.978882                        
       6     611.1   1.8675(61)x10^   1.33e+16      0.5(1.4)x10^-5        0.00        0.0061748(1    0.00     -6.2799(16)    166.82910   64.978882                        
       7     611.0   1.8672(61)x10^   1.33e+16      0.6(1.4)x10^-5        0.00        0.0072039(1    0.00     -6.2793(16)    166.81488   64.978874                        
       8     611.0   1.8669(61)x10^   1.33e+16      0.7(1.4)x10^-5        0.00        0.0082330(1    0.00     -6.2788(16)    166.80067   64.978874                        
 2     1     0.00       0.02(18)      1.05e+13       0.7(1.3)x10^1        7.25       0.0(4.5)x10^    0.25       5.5(5.4)     0.4(1.6)    0.0(1.1)x                        
       2     0.00       0.01(15)       5.7e+12         14.5(2.3)          14.50       0.3(1.1)x10    0.50       4.9(6.8)     0.4(2.0)    1.6(1.9)                         
       3     0.00       0.47(96)      2.37e+12         21.71(57)          21.75        4.7(4.4)      0.75       4.2(1.0)     0.47(30)    1.00(46)                         
       4     0.00       0.19(62)      4.23e+10        28.950(94)          29.00        6.270(77)     1.00       1.8(1.6)     3.20(47)    9.488(77)                        
       5     5.45      17.5(5.9)      9.69e+11         36.19(13)          36.25        7.8(1.3)      1.25       5.54(17)     0.360(49)   0.74(10)                         
       6     5.85      19.8(6.3)      8.28e+11        43.425(55)          43.50        9.41(27)      1.50       4.90(16)     0.381(46)   1.589(45)                        
       7     5.84      19.8(6.3)      5.47e+11        50.662(60)          50.75        10.97(32)     1.75       4.25(16)     0.392(46)   1.458(49)                        
       8     0.00       0.40(90)      5.29e+09         57.90(73)          58.00        12.5(6.6)     2.00       6.0(1.1)     0.49(32)    0.85(59)                         
 3     1     0.53       1.2(1.6)      1.19e+10        268.60(48)         269.12       -1.9(5.0)      -0.25      4.15(64)     0.50(19)    0.74(39)                         
       2     0.81       1.6(1.8)      1.45e+10        537.19(25)         538.25       -3.9(1.6)      -0.50      0.17(56)     0.50(16)    1.23(20)                         
       3     0.63       1.3(1.6)      9.41e+09        805.79(57)         807.38       -5.8(7.3)      -0.75      2.96(61)     0.58(18)    0.60(46)                         
       4     0.10       0.8(1.2)      4.39e+09        1074.38(47)        1076.50      -7.7(3.8)      -1.00      0.55(80)     0.32(23)    0.95(38)                         
       5     1.23       2.2(2.1)      1.62e+10        1342.98(64)        1345.62       -10(12)       -1.25      5.20(47)     0.28(14)    0.41(52)                         
       6     4.67      13.4(5.2)      6.21e+10       1611.574(97)        1614.75      -11.58(68)     -1.50      1.41(19)     0.403(56)   1.099(79)                        
       7     0.82       1.6(1.8)      8.88e+09        1880.17(24)        1883.88      -13.5(1.5)     -1.75      0.49(56)     0.49(16)    1.27(20)                         
       8     2.50       5.1(3.2)      2.81e+10        2148.77(16)        2153.00      -15.4(1.1)     -2.00      3.47(31)     0.467(91)   1.10(13)                         


 Data file name without suffix          =  ref5039_first_025s
 Telescope used                         =  GTC
 Instrument used                        =  CIRCE
 Object being observed                  =  LS5039
 J2000 Right Ascension (hh:mm:ss.ssss)  =  18:26:15.0568
 J2000 Declination     (dd:mm:ss.ssss)  =  -14:50:54.242
 Data observed by                       =  Dallilar
 Epoch of observation (MJD)             =  1325.29536961675
 Barycentered?           (1 yes, 0 no)  =  0
 Number of bins in the time series      =  9182
 Width of each time series bin (sec)    =  0.25
 Any breaks in the data? (1 yes, 0 no)  =  0
 Type of observation (EM band)          =  IR
 Photometric filter used                =  Other
 Field-of-view diameter (arcsec)        =  180.00
 Central wavelength (nm)                =  500.0
 Bandpass (nm)                          =  400.0
 Data analyzed by                       =  unset
 Any additional notes:
   none
