             Summed  Coherent  Num        Period          Frequency         FFT 'r'        Freq Deriv       FFT 'z'         Accel                           
Cand  Sigma  Power    Power    Harm        (ms)             (Hz)             (bin)           (Hz/s)         (bins)         (m/s^2)             Notes        
------------------------------------------------------------------------------------------------------------------------------------------------------------
1     19.90  241.67  3156.49    8      6.420(8)x10^8    1.558(2)x10^-6     49.000(63)     0.0(3)x10^-15     0.00(25)      0.000(49)                           
2     15.47  160.22    0.73     8      4.559(4)x10^8    2.193(2)x10^-6     69.000(63)     -3(3)x10^-16     -0.25(25)     -0.035(35)                           
3     7.86   64.47     1.38     8      3.311(2)x10^8    3.020(2)x10^-6     95.000(63)      3(3)x10^-16      0.25(25)      0.025(25)                           
4     5.03   43.06     0.79     8      2.886(2)x10^8    3.465(2)x10^-6    109.000(63)      3(3)x10^-16      0.25(25)      0.022(22)                           
5     4.53   40.05     2.69     8      2.537(1)x10^8    3.942(2)x10^-6    124.000(63)      3(3)x10^-16      0.25(25)      0.019(19)                           
6     2.29   18.72     7.98     2     1.0018(8)x10^8    9.982(8)x10^-6     314.00(25)     1.0(1)x10^-15     1.0(1.0)      0.030(30)                           


                        Power /          Raw           FFT 'r'          Pred 'r'       FFT 'z'     Pred 'z'      Phase       Centroid     Purity                        
Cand   Harm  Sigma      Loc Pow         Power           (bin)             (bin)         (bins)      (bins)       (rad)        (0-1)      <p> = 1           Notes        
------------------------------------------------------------------------------------------------------------------------------------------------------------------------
 1     1     79.24      3145(79)      1.47e+29        49.4984(40)         49.00       -2.614(18)     0.00       4.760(13)    0.5257(36   1.7219(33                        
       2     1.04       1.9(2.0)      1.04e+26         99.00(17)          98.00       -5.23(75)      0.00       1.26(51)     0.37(15)    1.71(13)                         
       3     1.10       2.0(2.0)      1.19e+25        148.50(12)         147.00       -7.84(43)      0.00       0.14(50)     0.31(14)    2.22(10)                         
       4     0.68       1.4(1.7)      1.69e+25        197.99(21)         196.00       -10.5(1.1)     0.00       1.60(60)     0.45(17)    1.55(17)                         
       5     0.00       0.26(72)      4.64e+23        247.49(15)         245.00       -13.07(21)     0.00       3.9(1.4)     1.26(40)    5.28(12)                         
       6     0.29       1.0(1.4)      6.65e+24        296.99(25)         294.00       -15.7(1.2)     0.00       1.79(73)     0.44(21)    1.58(21)                         
       7     0.00       0.18(61)      1.73e+23        346.49(11)         343.00       -18.30(11)     0.00       4.7(1.6)     2.79(48)    7.925(93)                        
       8     0.81       1.6(1.8)      6.57e+24        395.99(22)         392.00       -20.9(1.2)     0.00       1.39(56)     0.42(16)    1.42(18)                         
 2     1     0.62       1.3(1.6)      1.57e+26         69.01(96)          69.00      -0.3(2.1)x10    -0.25      0.67(62)     0.18(18)    0.35(78)                         
       2     0.00       0.5(1.0)      1.72e+25        138.01(29)         138.00       -5.3(1.2)      -0.50      1.90(98)     0.49(28)    1.83(24)                         
       3     0.75       1.5(1.7)      1.85e+25        207.02(22)         207.00       -7.9(1.2)      -0.75      1.60(58)     0.48(17)    1.45(18)                         
       4     0.16       0.8(1.3)      5.34e+24        276.03(26)         276.00       -10.5(1.2)     -1.00      1.31(78)     0.52(22)    1.65(21)                         
       5     0.08       0.8(1.2)      3.47e+24        345.03(27)         345.00       -13.2(1.3)     -1.25      1.59(81)     0.55(23)    1.65(22)                         
       6     0.30       1.0(1.4)      2.66e+24        414.04(25)         414.00       -15.8(1.2)     -1.50      1.11(72)     0.49(21)    1.62(20)                         
       7     0.00       0.18(61)      4.67e+23        483.05(61)         483.00       -18.4(3.2)     -1.75      2.0(1.7)     0.70(48)    1.48(50)                         
       8     1.89       3.5(2.7)      5.89e+24        552.05(16)         552.00       -21.05(98)     -2.00      1.19(38)     0.35(11)    1.28(13)                         
 3     1     0.86       1.6(1.8)      9.91e+25         95.00(20)          95.00        0.33(97)      0.25       1.45(55)     0.41(16)    1.56(16)                         
       2     1.04       1.9(2.0)      2.61e+25        190.01(20)         190.00        0.7(1.1)      0.50       1.74(51)     0.45(15)    1.43(16)                         
       3     0.67       1.4(1.7)      7.48e+24        285.01(22)         285.00        1.0(1.1)      0.75       1.62(60)     0.49(17)    1.51(18)                         
       4     1.14       2.1(2.0)      7.43e+24        380.01(19)         380.00        1.3(1.1)      1.00       1.74(49)     0.41(14)    1.40(16)                         
       5     0.29       0.9(1.4)      2.62e+24        475.02(27)         475.00        1.7(1.5)      1.25       1.70(73)     0.50(21)    1.46(22)                         
       6     0.79       1.5(1.8)      2.56e+24        570.02(22)         570.00        2.0(1.2)      1.50       1.27(57)     0.42(16)    1.45(18)                         
       7     0.82       1.6(1.8)        2e+24         665.03(21)         665.00        2.3(1.1)      1.75       1.56(56)     0.38(16)    1.46(17)                         
       8     1.42       2.6(2.3)      2.58e+24        760.03(18)         760.00        2.7(1.1)      2.00       1.39(44)     0.39(13)    1.33(15)                         
 4     1     0.00       0.6(1.1)      2.59e+25        107.00(20)         109.00       -3.07(61)      0.25       1.83(95)     0.61(27)    2.58(16)                         
       2     0.71       1.4(1.7)      1.56e+25        213.99(17)         218.00       -6.14(69)      0.50       1.76(59)     0.45(17)    1.91(14)                         
       3     0.62       1.3(1.6)      6.59e+24        320.99(25)         327.00       -9.2(1.4)      0.75       2.26(61)     0.47(18)    1.37(20)                         
       4     0.46       1.1(1.5)      2.64e+24        427.99(25)         436.00       -12.3(1.3)     1.00       1.27(66)     0.50(19)    1.45(20)                         
       5     0.00       0.47(97)      9.71e+23        534.99(33)         545.00       -15.4(1.5)     1.25       1.8(1.0)     0.57(30)    1.74(27)                         
       6     1.01       1.8(1.9)      2.13e+24        641.98(20)         654.00       -18.4(1.0)     1.50       1.48(52)     0.42(15)    1.46(16)                         
       7     0.57       1.3(1.6)      1.32e+24        748.98(22)         763.00       -21.5(1.1)     1.75       1.71(63)     0.45(18)    1.55(18)                         
       8     0.82       1.6(1.8)      1.13e+24        855.98(21)         872.00       -24.6(1.1)     2.00       1.57(56)     0.43(16)    1.48(17)                         
 5     1     1.03       1.9(1.9)      5.92e+25        124.00(15)         124.00        0.73(65)      0.25       2.13(51)     0.45(15)    1.84(13)                         
       2     0.21       0.9(1.3)      7.44e+24        248.01(29)         248.00        1.5(1.6)      0.50       2.28(76)     0.44(22)    1.42(24)                         
       3     0.00       0.7(1.2)      2.58e+24        372.01(27)         372.00        2.2(1.2)      0.75       1.63(85)     0.49(25)    1.74(22)                         
       4     0.31       1.0(1.4)      2.46e+24        496.01(25)         496.00        2.9(1.2)      1.00       1.52(72)     0.47(21)    1.57(20)                         
       5     1.07       2.0(2.0)      2.85e+24        620.01(20)         620.00        3.7(1.1)      1.25       1.44(51)     0.40(15)    1.38(16)                         
       6     1.98       3.7(2.7)      3.38e+24        744.02(16)         744.00        4.41(98)      1.50       1.55(37)     0.37(11)    1.26(13)                         
       7     1.44       2.6(2.3)      1.71e+24        868.02(18)         868.00        5.1(1.1)      1.75       1.63(44)     0.39(13)    1.32(15)                         
       8     0.00       0.20(64)       1.1e+23        992.02(49)         992.00        5.9(2.2)      2.00       1.2(1.6)     0.73(45)    1.75(40)                         
 6     1     1.61       2.9(2.4)      1.58e+25        314.02(17)         314.00        0.6(1.0)      1.00       1.32(41)     0.35(12)    1.30(14)                         
       2     1.42       2.5(2.3)      3.07e+24        628.04(18)         628.00        1.2(1.0)      2.00       1.54(44)     0.39(13)    1.36(15)                         


 Data file name without suffix          =  389437365
 Telescope used                         =  TESS
 Instrument used                        =  unset
 Object being observed                  =  389437365
 J2000 Right Ascension (hh:mm:ss.ssss)  =  05:43:25.1756
 J2000 Declination     (dd:mm:ss.ssss)  =  -69:14:54.7008
 Data observed by                       =  unset
 Epoch of observation (MJD)             =  1325.29536961675
 Barycentered?           (1 yes, 0 no)  =  0
 Number of bins in the time series      =  262144
 Width of each time series bin (sec)    =  120.0
 Any breaks in the data? (1 yes, 0 no)  =  0
 Type of observation (EM band)          =  Optical
 Photometric filter used                =  Other
 Field-of-view diameter (arcsec)        =  180.00
 Central wavelength (nm)                =  500.0
 Bandpass (nm)                          =  400.0
 Data analyzed by                       =  unset
 Any additional notes:
   none
