             Summed  Coherent  Num        Period          Frequency         FFT 'r'        Freq Deriv       FFT 'z'         Accel                           
Cand  Sigma  Power    Power    Harm        (ms)             (Hz)             (bin)           (Hz/s)         (bins)         (m/s^2)             Notes        
------------------------------------------------------------------------------------------------------------------------------------------------------------
1     24.01  333.98    0.52     8      7.91(1)x10^8     1.264(2)x10^-6     39.750(63)     0.0(3)x10^-15     0.00(25)      0.000(60)                           
2     16.14  171.07    0.67     8      5.543(6)x10^8    1.804(2)x10^-6     56.750(63)     0.0(3)x10^-15     0.00(25)      0.000(42)                           
3     9.43   79.35     1.20     8      3.616(3)x10^8    2.766(2)x10^-6     87.000(63)     0.0(3)x10^-15     0.00(25)      0.000(27)                           
4     6.64   53.95     1.69     8      3.054(2)x10^8    3.274(2)x10^-6    103.000(63)     0.0(3)x10^-15     0.00(25)      0.000(23)                           
5     4.71   32.60     1.59     4      2.365(2)x10^8    4.228(4)x10^-6     133.00(13)     0.0(5)x10^-15     0.00(50)      0.000(36)                           
6     2.29   22.45    21.48     4      1.930(1)x10^8    5.182(4)x10^-6     163.00(13)     0.0(5)x10^-15     0.00(50)      0.000(29)                           


                        Power /          Raw           FFT 'r'          Pred 'r'       FFT 'z'     Pred 'z'      Phase       Centroid     Purity                        
Cand   Harm  Sigma      Loc Pow         Power           (bin)             (bin)         (bins)      (bins)       (rad)        (0-1)      <p> = 1           Notes        
------------------------------------------------------------------------------------------------------------------------------------------------------------------------
 1     1     0.01       0.7(1.2)      2.37e+28         40.02(16)          39.75        3.48(41)      0.00       5.50(84)     0.75(24)    2.97(13)                         
       2     1.20       2.2(2.1)       1.4e+28         80.03(21)          79.50        7.0(1.3)      0.00       4.78(48)     0.62(14)    1.26(17)                         
       3     0.65       1.4(1.7)      4.28e+27        120.05(25)         119.25        10.5(1.4)     0.00       4.09(61)     0.61(17)    1.34(20)                         
       4     0.00       0.17(59)      3.16e+26        160.1(4.2)         159.00       0.1(1.5)x10    0.00       3.6(1.7)     0.47(49)    0.2(3.4)                         
       5     0.00       0.27(74)       2.9e+26        200.08(81)         198.75        17.4(6.9)     0.00       5.8(1.4)     0.59(39)    0.92(66)                         
       6     0.86       1.6(1.8)       1.1e+27        240.10(23)         238.50        20.9(1.3)     0.00       4.99(55)     0.62(16)    1.34(18)                         
       7     1.00       1.8(1.9)      9.69e+26        280.11(23)         278.25        24.4(1.4)     0.00       4.20(52)     0.65(15)    1.25(19)                         
       8     0.00       0.6(1.1)      2.51e+26        320.13(80)         318.00        27.9(9.6)     0.00       3.61(94)     0.70(27)    0.65(65)                         
 2     1     0.21       0.9(1.3)      6.47e+27         57.51(69)          56.75        5.3(8.9)      0.00       4.33(76)     0.16(22)    0.60(56)                         
       2     0.00       0.39(88)      1.44e+27        115.02(51)         113.50        10.6(3.2)     0.00       3.6(1.1)     0.54(33)    1.23(41)                         
       3     0.09       0.8(1.2)       5.5e+26        172.53(22)         170.25        15.88(82)     0.00       6.21(81)     0.74(23)    2.05(18)                         
       4     0.58       1.3(1.6)      1.09e+27        230.03(26)         227.00        21.2(1.5)     0.00       4.15(63)     0.61(18)    1.32(21)                         
       5     0.00       0.7(1.2)      1.81e+26        287.54(15)         283.75        26.47(39)     0.00       1.02(85)     1.36(24)    3.04(12)                         
       6     1.32       2.4(2.2)       8.3e+26        345.05(19)         340.50        31.8(1.1)     0.00       4.65(46)     0.59(13)    1.33(15)                         
       7     0.21       0.9(1.3)      1.09e+26        402.56(15)         397.25        37.06(42)     0.00       1.87(76)     1.33(22)    2.78(12)                         
       8     0.92       1.7(1.9)      3.28e+26        460.07(22)         454.00        42.4(1.3)     0.00       5.19(54)     0.60(16)    1.33(18)                         
 3     1     0.45       1.1(1.5)      4.45e+27         87.36(31)          87.00        2.7(2.0)      0.00       4.53(67)     0.45(19)    1.21(25)                         
       2     0.00       0.23(68)      2.32e+26        174.73(23)         174.00        5.42(52)      0.00       2.2(1.5)     1.12(43)    3.48(19)                         
       3     0.54       1.2(1.6)       6.8e+26        262.09(27)         261.00        8.1(1.6)      0.00       5.10(64)     0.62(18)    1.31(22)                         
       4     0.88       1.7(1.8)        3e+26         349.46(25)         348.00        10.8(1.6)     0.00       3.07(55)     0.78(16)    1.19(20)                         
       5     0.80       1.6(1.8)      2.65e+26        436.82(60)         435.00        13.5(9.0)     0.00       6.06(57)     0.77(16)    0.52(49)                         
       6     1.14       2.1(2.0)      2.74e+26        524.19(26)         522.00        16.3(1.9)     0.00       3.98(49)     0.66(14)    1.05(21)                         
       7     0.51       1.2(1.5)      6.66e+25        611.55(17)         609.00        18.97(61)     0.00       0.79(65)     1.07(19)    2.13(14)                         
       8     0.99       1.8(1.9)      1.52e+26        698.92(22)         696.00        21.7(1.3)     0.00       4.74(52)     0.60(15)    1.30(18)                         
 4     1     1.13       2.0(2.0)      8.19e+27        103.00(22)         103.00        0.8(1.4)      0.00       4.49(49)     0.61(14)    1.24(18)                         
       2     0.00       0.24(69)      2.49e+26        206.0(1.2)         206.00       0.2(1.3)x10    0.00       6.1(1.4)     0.75(42)    0.69(94)                         
       3     0.73       1.5(1.7)      6.77e+26        309.01(25)         309.00        2.3(1.5)      0.00       4.16(58)     0.61(17)    1.30(20)                         
       4     0.42       1.1(1.5)      2.64e+26        412.02(31)         412.00        3.0(2.0)      0.00       5.51(68)     0.59(20)    1.21(25)                         
       5     0.05       0.7(1.2)      1.27e+26        515.02(40)         515.00        3.8(2.7)      0.00       3.72(82)     0.64(24)    1.14(32)                         
       6     1.00       1.8(1.9)       1.9e+26        618.03(22)         618.00        4.5(1.3)      0.00       5.14(52)     0.61(15)    1.30(18)                         
       7     0.00       0.19(62)      1.72e+25        721.0(1.3)         721.00       0.5(1.4)x10    0.00       3.4(1.6)     0.64(47)    0.7(1.0)                         
       8     1.20       2.2(2.1)      1.25e+26        824.04(20)         824.00        6.0(1.2)      0.00       4.77(48)     0.63(14)    1.31(16)                         
 5     1     1.01       1.9(1.9)      4.43e+27        133.01(22)         133.00       -0.9(1.3)      0.00       4.31(52)     0.61(15)    1.32(18)                         
       2     0.00       0.7(1.2)      3.93e+26        266.01(50)         266.00       -1.9(4.0)      0.00       5.57(86)     0.71(25)    0.95(40)                         
       3     0.00       0.6(1.1)       1.7e+26        399.02(44)         399.00       -2.8(2.9)      0.00       3.70(93)     0.58(27)    1.17(36)                         
       4     1.22       2.2(2.1)      3.01e+26        532.03(20)         532.00       -3.7(1.2)      0.00       4.85(48)     0.63(14)    1.30(16)                         
 6     1     0.00       0.5(1.0)      8.38e+26        163.01(76)         163.00        2.9(8.3)      0.00       5.77(99)     0.69(28)    0.71(62)                         
       2     0.77       1.5(1.7)      5.61e+26        326.02(26)         326.00        5.9(1.6)      0.00       5.25(58)     0.65(17)    1.23(21)                         
       3     1.25       2.3(2.1)      3.76e+26        489.02(20)         489.00        8.8(1.2)      0.00       4.73(47)     0.62(14)    1.30(16)                         
       4     0.70       1.4(1.7)      1.44e+26        652.03(26)         652.00        11.7(1.6)     0.00       4.24(59)     0.66(17)    1.25(21)                         


 Data file name without suffix          =  29984014
 Telescope used                         =  TESS
 Instrument used                        =  unset
 Object being observed                  =  29984014
 J2000 Right Ascension (hh:mm:ss.ssss)  =  04:50:55.8678
 J2000 Declination     (dd:mm:ss.ssss)  =  -69:25:52.59
 Data observed by                       =  unset
 Epoch of observation (MJD)             =  1325.2957008734738
 Barycentered?           (1 yes, 0 no)  =  0
 Number of bins in the time series      =  262144
 Width of each time series bin (sec)    =  120.0
 Any breaks in the data? (1 yes, 0 no)  =  0
 Type of observation (EM band)          =  Optical
 Photometric filter used                =  Other
 Field-of-view diameter (arcsec)        =  180.00
 Central wavelength (nm)                =  500.0
 Bandpass (nm)                          =  400.0
 Data analyzed by                       =  unset
 Any additional notes:
   none
