             Summed  Coherent  Num        Period          Frequency         FFT 'r'        Freq Deriv       FFT 'z'         Accel                           
Cand  Sigma  Power    Power    Harm        (ms)             (Hz)             (bin)           (Hz/s)         (bins)         (m/s^2)             Notes        
------------------------------------------------------------------------------------------------------------------------------------------------------------
1     21.89  284.35    2.09     8      7.67(1)x10^8     1.303(2)x10^-6     41.000(63)     0.0(3)x10^-15     0.00(25)      0.000(58)                           
2     12.45  115.44    0.01     8      4.826(5)x10^8    2.072(2)x10^-6     65.188(63)     0.0(3)x10^-15     0.00(25)      0.000(37)                           
3     7.70   62.92     0.09     8      3.305(2)x10^8    3.026(2)x10^-6     95.188(63)     0.0(3)x10^-15     0.00(25)      0.000(25)                           
4     5.86   48.40     0.47     8      2.784(2)x10^8    3.592(2)x10^-6    113.000(63)     0.0(3)x10^-15     0.00(25)      0.000(21)                           
5     3.45   26.76     3.61     4      2.158(2)x10^8    4.633(4)x10^-6     145.75(13)     0.0(5)x10^-15     0.00(50)      0.000(33)                           
6     2.37   22.85     0.10     4      1.957(2)x10^8    5.110(4)x10^-6     160.75(13)     0.0(5)x10^-15     0.00(50)      0.000(30)                           


                        Power /          Raw           FFT 'r'          Pred 'r'       FFT 'z'     Pred 'z'      Phase       Centroid     Purity                        
Cand   Harm  Sigma      Loc Pow         Power           (bin)             (bin)         (bins)      (bins)       (rad)        (0-1)      <p> = 1           Notes        
------------------------------------------------------------------------------------------------------------------------------------------------------------------------
 1     1     1.90       3.5(2.7)      4.26e+29         40.60(75)          41.00       0.2(2.1)x10    0.00       3.04(38)     0.55(11)    0.27(61)                         
       2     0.54       1.2(1.6)      5.51e+28         81.21(30)          82.00        3.7(2.0)      0.00       3.41(64)     0.63(18)    1.16(25)                         
       3     0.00       0.38(87)      6.26e+27        121.81(64)         123.00        5.5(5.0)      0.00       3.9(1.2)     0.13(33)    0.99(52)                         
       4     0.96       1.8(1.9)      1.27e+28        162.42(80)         164.00       0.7(1.7)x10    0.00       3.59(53)     0.56(15)    0.37(65)                         
       5     1.02       1.9(1.9)      1.48e+28        203.02(22)         205.00        9.2(1.4)      0.00       4.45(52)     0.57(15)    1.27(18)                         
       6     0.47       1.1(1.5)      3.24e+27        243.62(52)         246.00        11.0(5.7)     0.00       4.91(66)     0.26(19)    0.70(42)                         
       7     0.62       1.3(1.6)       4.5e+27        284.23(29)         287.00        12.8(1.9)     0.00       4.75(62)     0.48(18)    1.17(24)                         
       8     1.01       1.9(1.9)      4.82e+27        324.83(30)         328.00        14.7(2.4)     0.00       5.57(52)     0.62(15)    0.97(24)                         
 2     1     0.86       1.6(1.8)      1.43e+29         65.01(27)          65.19       -0.2(1.8)      0.00       4.86(55)     0.62(16)    1.15(22)                         
       2     0.00       0.24(69)      4.43e+27        130.01(72)         130.38       -0.5(5.0)      0.00       3.4(1.5)     0.46(42)    1.11(58)                         
       3     0.64       1.3(1.6)       1.2e+28        195.02(27)         195.56       -0.7(1.7)      0.00       5.19(61)     0.60(18)    1.23(22)                         
       4     0.19       0.9(1.3)      3.97e+27        260.02(33)         260.75       -1.0(2.0)      0.00       3.81(76)     0.56(22)    1.27(27)                         
       5     0.03       0.7(1.2)      2.23e+27        325.03(40)         325.94       -1.2(2.6)      0.00       5.55(83)     0.61(24)    1.16(32)                         
       6     0.79       1.5(1.8)      3.21e+27        390.03(25)         391.12       -1.5(1.6)      0.00       4.15(57)     0.59(16)    1.25(20)                         
       7     0.00       0.15(55)      2.36e+26        455.0(1.0)         456.31       -1.7(7.8)      0.00       5.8(1.8)     0.58(52)    1.00(81)                         
       8     1.12       2.0(2.0)      2.43e+27        520.04(22)         521.50       -2.0(1.4)      0.00       4.46(50)     0.58(14)    1.24(18)                         
 3     1     0.62       1.3(1.6)      4.85e+28         96.00(18)          95.19       -5.08(73)      0.00       4.13(62)     0.53(18)    1.90(14)                         
       2     0.78       1.5(1.7)      1.42e+28        192.01(26)         190.38       -10.2(1.7)     0.00       5.09(57)     0.61(17)    1.20(21)                         
       3     0.00       0.03(23)      1.02e+26        288.0(1.2)         285.56       -15.3(4.7)     0.00       5.9(4.4)     0.7(1.3)    2.00(98)                         
       4     0.46       1.1(1.5)       2.5e+27        384.01(29)         380.75       -20.3(1.8)     0.00       3.90(66)     0.58(19)    1.26(24)                         
       5     0.95       1.8(1.9)       2.7e+27        480.02(24)         475.94       -25.4(1.5)     0.00       4.83(53)     0.59(15)    1.23(19)                         
       6     0.00       0.11(46)      1.07e+26        576.0(1.6)         571.12        -31(16)       0.00       5.8(2.2)     0.58(63)    0.8(1.3)                         
       7     0.23       0.9(1.3)      6.56e+26        672.03(34)         666.31       -35.6(2.1)     0.00       3.65(75)     0.59(22)    1.23(27)                         
       8     1.02       1.9(1.9)      1.14e+27        768.03(23)         761.50       -40.7(1.4)     0.00       4.62(52)     0.58(15)    1.25(19)                         
 4     1     0.00       0.12(50)      3.06e+27        113.00(33)         113.00       -4.02(74)      0.00       3.3(2.0)     0.32(58)    3.42(26)                         
       2     0.00       0.6(1.1)      3.53e+27        226.01(17)         226.00       -8.03(45)      0.00       3.62(93)     0.52(27)    2.98(14)                         
       3     0.31       1.0(1.4)      2.71e+27        339.01(31)         339.00       -12.1(1.9)     0.00       3.86(72)     0.57(21)    1.26(25)                         
       4     0.77       1.5(1.7)      2.42e+27        452.01(25)         452.00       -16.1(1.5)     0.00       4.13(58)     0.58(17)    1.26(20)                         
       5     0.96       1.8(1.9)      1.87e+27        565.01(23)         565.00       -20.1(1.4)     0.00       4.29(53)     0.58(15)    1.27(19)                         
       6     1.04       1.9(2.0)      1.42e+27        678.02(22)         678.00       -24.1(1.4)     0.00       4.56(51)     0.58(15)    1.27(18)                         
       7     0.89       1.7(1.8)      9.46e+26        791.02(24)         791.00       -28.1(1.4)     0.00       4.71(55)     0.58(16)    1.28(19)                         
       8     0.67       1.4(1.7)      5.98e+26        904.02(26)         904.00       -32.1(1.6)     0.00       5.01(60)     0.58(17)    1.26(21)                         
 5     1     0.87       1.6(1.8)      1.28e+28        145.48(23)         145.75        3.0(1.4)      0.00       2.78(55)     0.79(16)    1.31(19)                         
       2     0.69       1.4(1.7)      5.12e+27        290.96(26)         291.50        6.1(1.6)      0.00       4.27(60)     0.54(17)    1.26(21)                         
       3     0.29       1.0(1.4)      8.74e+26        436.44(55)         437.25        9.1(5.9)      0.00       4.52(73)     0.24(21)    0.72(45)                         
       4     0.91       1.7(1.8)      1.61e+27        581.92(27)         583.00        12.2(1.8)     0.00       5.49(54)     0.62(16)    1.12(22)                         
 6     1     0.00       0.7(1.2)      8.13e+27        161.01(37)         160.75        6.5(2.2)      0.00       3.79(86)     0.50(25)    1.28(30)                         
       2     0.86       1.6(1.8)      5.06e+27        322.02(25)         321.50        13.0(1.5)     0.00       4.26(55)     0.58(16)    1.24(20)                         
       3     1.06       1.9(2.0)      2.83e+27        483.03(22)         482.25        19.6(1.3)     0.00       4.89(51)     0.57(15)    1.27(18)                         
       4     0.38       1.0(1.4)      8.67e+26        644.04(30)         643.00        26.1(1.8)     0.00       5.38(69)     0.56(20)    1.30(24)                         


 Data file name without suffix          =  404850274
 Telescope used                         =  TESS
 Instrument used                        =  unset
 Object being observed                  =  404850274
 J2000 Right Ascension (hh:mm:ss.ssss)  =  05:40:12.1816
 J2000 Declination     (dd:mm:ss.ssss)  =  -69:40:04.962
 Data observed by                       =  unset
 Epoch of observation (MJD)             =  1325.2954209501443
 Barycentered?           (1 yes, 0 no)  =  0
 Number of bins in the time series      =  262144
 Width of each time series bin (sec)    =  120.0
 Any breaks in the data? (1 yes, 0 no)  =  0
 Type of observation (EM band)          =  Optical
 Photometric filter used                =  Other
 Field-of-view diameter (arcsec)        =  180.00
 Central wavelength (nm)                =  500.0
 Bandpass (nm)                          =  400.0
 Data analyzed by                       =  unset
 Any additional notes:
   none
