             Summed  Coherent  Num        Period          Frequency         FFT 'r'        Freq Deriv       FFT 'z'         Accel                           
Cand  Sigma  Power    Power    Harm        (ms)             (Hz)             (bin)           (Hz/s)         (bins)         (m/s^2)             Notes        
------------------------------------------------------------------------------------------------------------------------------------------------------------
1     21.85  283.48   10.06     8      7.67(1)x10^8     1.303(2)x10^-6     41.000(63)     0.0(3)x10^-15     0.00(25)      0.000(58)                           
2     12.72  119.07    0.11     8      4.826(5)x10^8    2.072(2)x10^-6     65.188(63)     0.0(3)x10^-15     0.00(25)      0.000(37)                           
3     7.64   62.41     1.27     8      3.305(2)x10^8    3.026(2)x10^-6     95.188(63)     0.0(3)x10^-15     0.00(25)      0.000(25)                           
4     5.91   48.73     1.21     8      2.855(2)x10^8    3.503(2)x10^-6    110.188(63)     0.0(3)x10^-15     0.00(25)      0.000(22)                           
5     4.39   39.12     4.52     8      2.515(1)x10^8    3.976(2)x10^-6    125.063(63)     0.0(3)x10^-15     0.00(25)      0.000(19)                           
6     2.24   29.51     0.03     8      2.246(1)x10^8    4.452(2)x10^-6    140.063(63)     0.0(3)x10^-15     0.00(25)      0.000(17)                           


                        Power /          Raw           FFT 'r'          Pred 'r'       FFT 'z'     Pred 'z'      Phase       Centroid     Purity                        
Cand   Harm  Sigma      Loc Pow         Power           (bin)             (bin)         (bins)      (bins)       (rad)        (0-1)      <p> = 1           Notes        
------------------------------------------------------------------------------------------------------------------------------------------------------------------------
 1     1     1.74       3.2(2.5)        1e+29          40.49(17)          41.00        1.1(1.0)      0.00       3.31(40)     0.48(11)    1.29(14)                         
       2     0.00       0.44(94)      4.41e+27         80.97(60)          82.00        2.2(4.7)      0.00       3.7(1.1)     0.30(31)    0.98(48)                         
       3     0.92       1.7(1.9)       4.3e+27        121.46(36)         123.00        3.3(3.5)      0.00       3.21(54)     0.66(16)    0.82(30)                         
       4     0.60       1.3(1.6)      3.12e+27        161.94(28)         164.00        4.4(1.7)      0.00       4.25(62)     0.51(18)    1.24(22)                         
       5     0.72       1.4(1.7)      1.34e+27        202.4(1.3)         205.00       0.6(3.9)x10    0.00       3.95(59)     0.44(17)    0.3(1.0)                         
       6     1.03       1.9(1.9)      1.99e+27        242.91(24)         246.00        6.7(1.5)      0.00       4.87(51)     0.57(15)    1.20(19)                         
       7     0.31       1.0(1.4)      4.72e+26        283.40(93)         287.00       0.8(1.7)x10    0.00       4.77(72)     0.24(21)    0.42(76)                         
       8     0.89       1.7(1.8)      9.96e+26        323.88(29)         328.00        8.9(2.1)      0.00       5.46(55)     0.63(16)    1.05(23)                         
 2     1     0.93       1.7(1.9)       3.1e+28         65.01(28)          65.19       -0.3(2.1)      0.00       4.84(54)     0.60(16)    1.04(23)                         
       2     0.00       0.25(70)      9.43e+26        130.01(67)         130.38       -0.5(4.4)      0.00       3.5(1.4)     0.43(41)    1.18(54)                         
       3     0.75       1.5(1.7)      2.74e+27        195.02(27)         195.56       -0.8(1.7)      0.00       5.22(58)     0.59(17)    1.20(22)                         
       4     0.12       0.8(1.3)      7.49e+26        260.02(35)         260.75       -1.0(2.1)      0.00       3.78(79)     0.57(23)    1.26(28)                         
       5     0.09       0.8(1.2)      4.97e+26        325.03(37)         325.94       -1.3(2.3)      0.00       5.49(81)     0.59(23)    1.21(30)                         
       6     0.84       1.6(1.8)      6.88e+26        390.03(25)         391.12       -1.6(1.6)      0.00       4.07(56)     0.58(16)    1.23(20)                         
       7     0.00       0.22(67)      7.07e+25        455.04(94)         456.31       -1.8(8.2)      0.00       5.9(1.5)     0.56(43)    0.88(76)                         
       8     1.05       1.9(2.0)      4.74e+26        520.05(23)         521.50       -2.1(1.4)      0.00       4.39(51)     0.59(15)    1.25(18)                         
 3     1     0.95       1.8(1.9)      1.38e+28         96.00(17)          95.19       -3.95(76)      0.00       4.52(53)     0.58(15)    1.72(14)                         
       2     0.00       0.21(65)      3.81e+26        192.0(4.4)         190.38      0.0(1.8)x10^    0.00       6.0(1.5)     0.73(45)    0.2(3.6)                         
       3     0.76       1.5(1.7)       1.2e+27        288.01(25)         285.56       -11.8(1.6)     0.00       4.06(58)     0.58(17)    1.25(21)                         
       4     0.07       0.8(1.2)      3.52e+26        384.02(36)         380.75       -15.8(2.3)     0.00       5.40(82)     0.59(24)    1.23(30)                         
       5     0.23       0.9(1.3)      2.57e+26        480.02(34)         475.94       -19.7(2.1)     0.00       3.69(75)     0.57(22)    1.22(27)                         
       6     0.69       1.4(1.7)      3.03e+26        576.03(26)         571.12       -23.7(1.6)     0.00       5.02(60)     0.58(17)    1.25(21)                         
       7     0.00       0.25(70)      3.64e+25        672.03(87)         666.31       -27.6(7.5)     0.00       3.2(1.4)     0.62(41)    0.90(71)                         
       8     0.97       1.8(1.9)      2.22e+26        768.04(23)         761.50       -31.6(1.4)     0.00       4.63(53)     0.58(15)    1.25(19)                         
 4     1     1.01       1.9(1.9)      1.05e+28        111.00(50)         110.19        5.3(6.8)      0.00       4.55(52)     0.57(15)    0.57(40)                         
       2     0.00       0.28(75)       3.8e+26        222.0(1.0)         220.38         11(11)       0.00       6.0(1.3)     0.65(39)    0.71(84)                         
       3     0.79       1.5(1.8)      9.17e+26        333.01(25)         330.56        15.9(1.6)     0.00       4.23(57)     0.57(16)    1.25(20)                         
       4     0.09       0.8(1.2)       2.7e+26        444.02(37)         440.75        21.2(2.3)     0.00       5.63(81)     0.59(23)    1.22(30)                         
       5     0.20       0.9(1.3)      1.85e+26        555.02(36)         550.94        26.5(2.4)     0.00       3.87(76)     0.58(22)    1.17(29)                         
       6     0.66       1.4(1.7)       2.2e+26        666.03(26)         661.12        31.8(1.6)     0.00       5.30(60)     0.57(17)    1.26(21)                         
       7     0.00       0.23(68)      2.57e+25        777.03(87)         771.31        37.1(7.1)     0.00       3.6(1.5)     0.60(43)    0.94(70)                         
       8     0.98       1.8(1.9)      1.64e+26        888.04(23)         881.50        42.4(1.4)     0.00       4.98(53)     0.58(15)    1.26(19)                         
 5     1     0.24       0.9(1.3)      2.03e+27        124.61(18)         125.06        2.74(64)      0.00       2.05(74)     1.04(21)    2.23(15)                         
       2     0.31       1.0(1.4)      8.48e+26        249.21(79)         250.12       0.5(1.2)x10    0.00       3.27(72)     0.75(21)    0.50(64)                         
       3     0.00       0.33(81)      1.22e+26        373.8(1.0)         375.19       0.8(1.2)x10    0.00       3.9(1.2)     0.22(36)    0.65(85)                         
       4     0.84       1.6(1.8)       2.3e+26        498.42(41)         500.25        11.0(4.2)     0.00       3.51(56)     0.61(16)    0.76(33)                         
       5     0.93       1.7(1.9)      2.96e+26        623.03(23)         625.31        13.7(1.4)     0.00       4.42(54)     0.58(16)    1.26(19)                         
       6     0.46       1.1(1.5)      7.42e+25        747.63(91)         750.38         16(18)       0.00       4.89(66)     0.27(19)    0.40(74)                         
       7     0.78       1.5(1.7)      1.09e+26        872.24(29)         875.44        19.2(2.0)     0.00       4.66(57)     0.49(17)    1.10(23)                         
       8     1.06       1.9(2.0)      1.17e+26        996.84(26)         1000.50       21.9(1.9)     0.00       5.43(51)     0.60(15)    1.07(21)                         
 6     1     0.73       1.5(1.7)      4.97e+27        140.00(21)         140.06       -1.6(1.1)      0.00       4.18(59)     0.55(17)    1.51(17)                         
       2     0.80       1.6(1.8)      1.37e+27        280.00(97)         280.12      -0.3(2.3)x10    0.00       5.12(57)     0.59(16)    0.32(79)                         
       3     0.00       0.03(24)      1.06e+25        420.0(1.1)         420.19       -4.7(4.0)      0.00       6.0(4.2)     0.6(1.2)    2.10(88)                         
       4     0.56       1.2(1.6)      2.56e+26        560.01(28)         560.25       -6.2(1.8)      0.00       3.97(63)     0.58(18)    1.24(23)                         
       5     0.94       1.8(1.9)      2.48e+26        700.01(24)         700.31       -7.8(1.5)      0.00       4.95(53)     0.58(15)    1.24(19)                         
       6     0.00       0.11(47)      1.05e+25        840.0(2.0)         840.38      -0.9(2.5)x10    0.00       5.9(2.1)     0.56(61)    0.6(1.6)                         
       7     0.42       1.1(1.5)      7.33e+25        980.02(32)         980.44       -10.9(2.1)     0.00       3.77(68)     0.58(20)    1.18(26)                         
       8     1.02       1.9(1.9)      1.03e+26        1120.02(23)        1120.50      -12.4(1.4)     0.00       4.85(52)     0.58(15)    1.25(18)                         


 Data file name without suffix          =  40404470
 Telescope used                         =  TESS
 Instrument used                        =  unset
 Object being observed                  =  40404470
 J2000 Right Ascension (hh:mm:ss.ssss)  =  05:09:10.5923
 J2000 Declination     (dd:mm:ss.ssss)  =  -69:36:12.1896
 Data observed by                       =  unset
 Epoch of observation (MJD)             =  1325.2955953668497
 Barycentered?           (1 yes, 0 no)  =  0
 Number of bins in the time series      =  262144
 Width of each time series bin (sec)    =  120.0
 Any breaks in the data? (1 yes, 0 no)  =  0
 Type of observation (EM band)          =  Optical
 Photometric filter used                =  Other
 Field-of-view diameter (arcsec)        =  180.00
 Central wavelength (nm)                =  500.0
 Bandpass (nm)                          =  400.0
 Data analyzed by                       =  unset
 Any additional notes:
   none
