             Summed  Coherent  Num        Period          Frequency         FFT 'r'        Freq Deriv       FFT 'z'         Accel                           
Cand  Sigma  Power    Power    Harm        (ms)             (Hz)             (bin)           (Hz/s)         (bins)         (m/s^2)             Notes        
------------------------------------------------------------------------------------------------------------------------------------------------------------
1     22.40  295.89    0.60     8      7.67(1)x10^8     1.303(2)x10^-6     41.000(63)     0.0(3)x10^-15     0.00(25)      0.000(58)                           
2     9.49   80.15     1.22     8      3.650(3)x10^8    2.740(2)x10^-6     86.188(63)     0.0(3)x10^-15     0.00(25)      0.000(28)                           
3     3.54   27.12    19.29     4      2.115(2)x10^8    4.729(4)x10^-6     148.75(13)     0.0(5)x10^-15     0.00(50)      0.000(32)                           
4     2.48   23.18     0.53     4      1.886(1)x10^8    5.301(4)x10^-6     166.75(13)     0.0(5)x10^-15     0.00(50)      0.000(29)                           


                        Power /          Raw           FFT 'r'          Pred 'r'       FFT 'z'     Pred 'z'      Phase       Centroid     Purity                        
Cand   Harm  Sigma      Loc Pow         Power           (bin)             (bin)         (bins)      (bins)       (rad)        (0-1)      <p> = 1           Notes        
------------------------------------------------------------------------------------------------------------------------------------------------------------------------
 1     1     0.00       0.6(1.1)      3.21e+29         41.01(17)          41.00        1.62(45)      0.00       5.66(90)     0.86(26)    2.93(14)                         
       2     0.99       1.8(1.9)      2.07e+29         82.02(25)          82.00        3.2(1.7)      0.00       4.98(52)     0.60(15)    1.14(21)                         
       3     1.02       1.9(1.9)      8.72e+28        123.03(23)         123.00        4.9(1.4)      0.00       4.30(52)     0.56(15)    1.24(19)                         
       4     0.00       0.39(88)      9.84e+27        164.03(55)         164.00        6.5(3.7)      0.00       3.6(1.1)     0.57(33)    1.15(44)                         
       5     0.00       0.03(26)      5.62e+26        205.04(73)         205.00        8.1(1.9)      0.00       0.3(3.9)     0.9(1.1)    2.94(59)                         
       6     0.35       1.0(1.4)       1.2e+28        246.05(33)         246.00        9.7(2.1)      0.00       5.45(70)     0.58(20)    1.19(27)                         
       7     0.92       1.7(1.9)      1.53e+28        287.06(24)         287.00        11.4(1.6)     0.00       4.75(54)     0.60(16)    1.22(20)                         
       8     0.78       1.5(1.7)      9.69e+27        328.07(26)         328.00        13.0(1.6)     0.00       4.14(57)     0.58(17)    1.23(21)                         
 2     1     0.43       1.1(1.5)      6.04e+28         86.61(24)          86.19        0.4(1.2)      0.00       2.89(68)     0.60(19)    1.52(20)                         
       2     1.02       1.9(1.9)      3.83e+28        173.22(26)         172.38        0.7(1.8)      0.00       4.10(52)     0.59(15)    1.11(21)                         
       3     1.22       2.2(2.1)      2.01e+28        259.82(26)         258.56        1.1(1.9)      0.00       5.29(48)     0.57(14)    1.02(21)                         
       4     0.00       0.6(1.1)      1.94e+27        346.43(23)         344.75        1.48(82)      0.00     0.0(9.2)x10^   0.60(27)    2.19(19)                         
       5     0.00       0.02(17)      5.41e+25        433.04(73)         430.94        1.8(1.3)      0.00       0.8(5.7)     1.1(1.7)    4.31(60)                         
       6     0.01       0.7(1.2)      1.17e+27        519.65(27)         517.12        2.2(1.2)      0.00       2.48(85)     0.73(24)    1.74(22)                         
       7     0.93       1.7(1.9)       2.7e+27        606.26(33)         603.31        2.6(2.8)      0.00       3.88(54)     0.62(15)    0.91(26)                         
       8     0.98       1.8(1.9)      2.38e+27        692.86(26)         689.50        3.0(1.7)      0.00       5.17(53)     0.60(15)    1.14(21)                         
 3     1     0.00       0.6(1.1)      1.96e+28        149.01(56)         148.75        3.2(4.8)      0.00       5.91(90)     0.65(26)    0.89(45)                         
       2     0.84       1.6(1.8)      1.29e+28        298.02(26)         297.50        6.4(1.7)      0.00       5.17(56)     0.60(16)    1.17(21)                         
       3     0.99       1.8(1.9)      6.48e+27        447.03(24)         446.25        9.6(1.6)      0.00       4.60(52)     0.60(15)    1.19(20)                         
       4     0.62       1.3(1.6)      2.55e+27        596.05(29)         595.00        12.7(1.9)     0.00       4.01(62)     0.61(18)    1.17(24)                         
 4     1     0.96       1.8(1.9)      4.72e+28        167.01(25)         166.75        1.6(1.7)      0.00       5.06(53)     0.59(15)    1.17(20)                         
       2     0.68       1.4(1.7)       8.6e+27        334.03(27)         333.50        3.2(1.8)      0.00       3.93(60)     0.54(17)    1.20(22)                         
       3     0.00       0.22(66)       6.3e+26        501.0(1.0)         500.25       0.5(1.0)x10    0.00       6.0(1.5)     0.56(44)    0.80(85)                         
       4     0.98       1.8(1.9)      2.93e+27        668.05(23)         667.00        6.4(1.5)      0.00       4.66(52)     0.59(15)    1.24(19)                         


 Data file name without suffix          =  179305185
 Telescope used                         =  TESS
 Instrument used                        =  unset
 Object being observed                  =  179305185
 J2000 Right Ascension (hh:mm:ss.ssss)  =  05:18:14.3603
 J2000 Declination     (dd:mm:ss.ssss)  =  -69:15:01.098
 Data observed by                       =  unset
 Epoch of observation (MJD)             =  1325.2955137794706
 Barycentered?           (1 yes, 0 no)  =  0
 Number of bins in the time series      =  262144
 Width of each time series bin (sec)    =  120.0
 Any breaks in the data? (1 yes, 0 no)  =  0
 Type of observation (EM band)          =  Optical
 Photometric filter used                =  Other
 Field-of-view diameter (arcsec)        =  180.00
 Central wavelength (nm)                =  500.0
 Bandpass (nm)                          =  400.0
 Data analyzed by                       =  unset
 Any additional notes:
   none
