             Summed  Coherent  Num        Period          Frequency         FFT 'r'        Freq Deriv       FFT 'z'         Accel                           
Cand  Sigma  Power    Power    Harm        (ms)             (Hz)             (bin)           (Hz/s)         (bins)         (m/s^2)             Notes        
------------------------------------------------------------------------------------------------------------------------------------------------------------
1     21.65  278.94    2.12     8      7.67(1)x10^8     1.303(2)x10^-6     41.000(63)     0.0(3)x10^-15     0.00(25)      0.000(58)                           
2     12.71  118.98    0.01     8      4.826(5)x10^8    2.072(2)x10^-6     65.188(63)     0.0(3)x10^-15     0.00(25)      0.000(37)                           
3     7.56   61.67     1.35     8      3.305(2)x10^8    3.026(2)x10^-6     95.188(63)     0.0(3)x10^-15     0.00(25)      0.000(25)                           
4     5.85   48.28     1.16     8      2.855(2)x10^8    3.503(2)x10^-6    110.188(63)     0.0(3)x10^-15     0.00(25)      0.000(22)                           
5     4.13   37.70     3.57     8      2.515(1)x10^8    3.976(2)x10^-6    125.063(63)     0.0(3)x10^-15     0.00(25)      0.000(19)                           


                        Power /          Raw           FFT 'r'          Pred 'r'       FFT 'z'     Pred 'z'      Phase       Centroid     Purity                        
Cand   Harm  Sigma      Loc Pow         Power           (bin)             (bin)         (bins)      (bins)       (rad)        (0-1)      <p> = 1           Notes        
------------------------------------------------------------------------------------------------------------------------------------------------------------------------
 1     1     1.82       3.4(2.6)      1.82e+29         40.60(67)          41.00       0.2(1.6)x10    0.00       3.04(39)     0.55(11)    0.32(54)                         
       2     0.58       1.3(1.6)      2.48e+28         81.21(30)          82.00        3.7(2.0)      0.00       3.36(63)     0.62(18)    1.15(24)                         
       3     0.00       0.38(88)      2.75e+27        121.81(61)         123.00        5.5(4.6)      0.00       3.8(1.1)     0.16(33)    1.03(50)                         
       4     0.99       1.8(1.9)      5.77e+27        162.41(71)         164.00       0.7(1.3)x10    0.00       3.62(52)     0.56(15)    0.41(57)                         
       5     1.03       1.9(1.9)      6.39e+27        203.02(23)         205.00        9.2(1.4)      0.00       4.45(52)     0.57(15)    1.25(18)                         
       6     0.49       1.2(1.5)      1.46e+27        243.62(60)         246.00        11.0(7.7)     0.00       4.90(66)     0.27(19)    0.60(49)                         
       7     0.63       1.3(1.6)        2e+27         284.22(29)         287.00        12.8(1.9)     0.00       4.74(61)     0.49(18)    1.18(23)                         
       8     1.02       1.9(1.9)      2.09e+27        324.83(31)         328.00        14.7(2.6)     0.00       5.60(52)     0.63(15)    0.92(25)                         
 2     1     0.92       1.7(1.9)      6.49e+28         65.01(31)          65.19       -0.2(2.4)      0.00       4.89(54)     0.61(16)    0.97(25)                         
       2     0.00       0.26(72)       2.1e+27        130.01(77)         130.38       -0.5(6.1)      0.00       3.4(1.4)     0.47(40)    0.99(63)                         
       3     0.63       1.3(1.6)      5.08e+27        195.02(28)         195.56       -0.7(1.8)      0.00       5.21(61)     0.60(18)    1.22(23)                         
       4     0.24       0.9(1.3)      1.79e+27        260.02(34)         260.75       -1.0(2.1)      0.00       3.77(74)     0.57(21)    1.22(27)                         
       5     0.09       0.8(1.2)      1.03e+27        325.03(39)         325.94       -1.2(2.7)      0.00       5.56(81)     0.59(23)    1.14(32)                         
       6     0.80       1.6(1.8)      1.39e+27        390.04(25)         391.12       -1.4(1.6)      0.00       4.12(57)     0.59(16)    1.23(21)                         
       7     0.00       0.15(55)      1.02e+26        455.0(1.4)         456.31      -0.2(1.6)x10    0.00       5.9(1.8)     0.57(52)    0.7(1.2)                         
       8     1.13       2.0(2.0)      1.04e+27        520.05(22)         521.50       -1.9(1.4)      0.00       4.43(50)     0.58(14)    1.23(18)                         
 3     1     0.97       1.8(1.9)       2.9e+28         96.00(17)          95.19       -3.97(79)      0.00       4.48(53)     0.57(15)    1.69(14)                         
       2     0.00       0.25(70)      9.32e+26        192.0(4.6)         190.38      0.0(2.1)x10^    0.00       5.9(1.4)     0.72(41)    0.2(3.7)                         
       3     0.72       1.5(1.7)      2.45e+27        288.01(26)         285.56       -11.9(1.6)     0.00       4.06(59)     0.57(17)    1.25(21)                         
       4     0.17       0.8(1.3)      8.26e+26        384.01(37)         380.75       -15.9(2.4)     0.00       5.45(77)     0.60(22)    1.17(30)                         
       5     0.10       0.8(1.2)       4.6e+26        480.02(37)         475.94       -19.9(2.4)     0.00       3.63(80)     0.58(23)    1.19(30)                         
       6     0.72       1.4(1.7)      6.55e+26        576.02(26)         571.12       -23.8(1.7)     0.00       5.02(59)     0.59(17)    1.23(21)                         
       7     0.00       0.18(60)      5.51e+25        672.0(1.5)         666.31        -28(19)       0.00       3.2(1.7)     0.61(48)    0.6(1.2)                         
       8     1.01       1.9(1.9)      4.73e+26        768.03(23)         761.50       -31.8(1.4)     0.00       4.60(52)     0.58(15)    1.25(19)                         
 4     1     1.02       1.9(1.9)      2.19e+28        111.00(48)         110.19        5.3(6.2)      0.00       4.53(52)     0.57(15)    0.60(39)                         
       2     0.00       0.25(71)       7.2e+26        222.0(1.1)         220.38         11(12)       0.00       6.0(1.4)     0.67(40)    0.70(90)                         
       3     0.73       1.5(1.7)      1.81e+27        333.01(26)         330.56        15.9(1.6)     0.00       4.21(59)     0.57(17)    1.25(21)                         
       4     0.16       0.8(1.3)      6.11e+26        444.02(37)         440.75        21.1(2.4)     0.00       5.65(78)     0.60(22)    1.17(30)                         
       5     0.02       0.7(1.2)      3.16e+26        555.02(38)         550.94        26.4(2.5)     0.00       3.90(84)     0.59(24)    1.20(31)                         
       6     0.73       1.5(1.7)       4.9e+26        666.02(26)         661.12        31.7(1.6)     0.00       5.29(59)     0.58(17)    1.24(21)                         
       7     0.00       0.20(63)      4.58e+25        777.0(1.1)         771.31         37(10)       0.00       3.5(1.6)     0.60(46)    0.81(87)                         
       8     0.94       1.8(1.9)      3.33e+26        888.03(23)         881.50        42.3(1.4)     0.00       4.95(53)     0.58(15)    1.26(19)                         
 5     1     0.00       0.7(1.2)      4.38e+27        124.75(24)         125.06        2.23(93)      0.00       0.59(85)     1.09(25)    1.98(19)                         
       2     0.21       0.9(1.3)      9.62e+26        249.50(19)         250.12        4.45(67)      0.00       0.71(76)     1.01(22)    2.20(15)                         
       3     0.00       0.26(72)        2e+26         374.25(59)         375.19        6.7(3.5)      0.00       5.6(1.4)     0.16(40)    1.30(48)                         
       4     0.63       1.3(1.6)      7.76e+26        499.01(22)         500.25        8.9(1.1)      0.00       5.35(61)     0.59(18)    1.56(18)                         
       5     1.02       1.9(1.9)      4.96e+26        623.76(33)         625.31        11.1(2.9)     0.00       5.49(52)     0.59(15)    0.87(27)                         
       6     0.32       1.0(1.4)      1.27e+26        748.51(43)         750.38        13.4(3.6)     0.00       5.01(71)     0.21(21)    0.92(35)                         
       7     0.91       1.7(1.8)      2.42e+26        873.26(29)         875.44        15.6(2.2)     0.00       4.29(54)     0.54(16)    1.03(24)                         
       8     0.88       1.7(1.8)      2.31e+26        998.01(24)         1000.50       17.8(1.5)     0.00       4.39(55)     0.59(16)    1.24(20)                         


 Data file name without suffix          =  389565293
 Telescope used                         =  TESS
 Instrument used                        =  unset
 Object being observed                  =  389565293
 J2000 Right Ascension (hh:mm:ss.ssss)  =  05:45:00.6138
 J2000 Declination     (dd:mm:ss.ssss)  =  -67:10:34.2948
 Data observed by                       =  unset
 Epoch of observation (MJD)             =  1325.2951907926254
 Barycentered?           (1 yes, 0 no)  =  0
 Number of bins in the time series      =  262144
 Width of each time series bin (sec)    =  120.0
 Any breaks in the data? (1 yes, 0 no)  =  0
 Type of observation (EM band)          =  Optical
 Photometric filter used                =  Other
 Field-of-view diameter (arcsec)        =  180.00
 Central wavelength (nm)                =  500.0
 Bandpass (nm)                          =  400.0
 Data analyzed by                       =  unset
 Any additional notes:
   none
