             Summed  Coherent  Num        Period          Frequency         FFT 'r'        Freq Deriv       FFT 'z'         Accel                           
Cand  Sigma  Power    Power    Harm        (ms)             (Hz)             (bin)           (Hz/s)         (bins)         (m/s^2)             Notes        
------------------------------------------------------------------------------------------------------------------------------------------------------------
1     291.9  42687.   674.92    8       7.2(2)x10^8     1.39(3)x10^-6      2.875(63)       6(6)x10^-14      0.25(25)        13(13)                            
2     28.52  452.48   30.06     8      3.744(4)x10^7    2.671(3)x10^-5     55.125(63)      6(6)x10^-14      0.25(25)       0.66(66)       H 19 of Cand 1
3     22.50  271.21   15.54     2      2.663(9)x10^7    3.76(1)x10^-5      77.50(25)       2(2)x10^-13      1.0(1.0)       1.9(1.9)       H 22 of Cand 1
4     13.41  113.62   19.05     4      1.702(2)x10^7    5.875(6)x10^-5     121.25(13)    -1.0(1)x10^-13    -0.50(50)      -0.60(60)       H 38 of Cand 1
5     7.36   42.30     0.81     2      1.319(2)x10^7    7.58(1)x10^-5      156.50(25)     0.0(2)x10^-12     0.0(1.0)       0.00(93)       H 44 of Cand 1
6     7.22   38.18     7.21     1      1.032(3)x10^7    9.69(2)x10^-5      200.00(50)     0.0(5)x10^-12     0.0(2.0)       0.0(1.5)       H 46 of Cand 1
7     5.96   32.52     9.79     2      1.189(2)x10^7    8.41(1)x10^-5      173.50(25)     0.0(2)x10^-12     0.0(1.0)       0.00(84)       H 48 of Cand 1
8     5.36   28.88     9.91     2      9.25(1)x10^6      0.0001081(1)      223.00(25)     0.0(2)x10^-12     0.0(1.0)       0.00(65)       H 4 of Cand 2
9     3.66   18.18     6.92     1      7.34(1)x10^6      0.0001362(2)      281.00(50)     -5(5)x10^-13     -2.0(2.0)      -1.0(1.0)       H 5 of Cand 2
10    2.85   15.33     6.77     1      5.838(8)x10^6     0.0001713(2)      353.50(50)      5(5)x10^-13      2.0(2.0)       0.82(82)                           
11    2.81   15.21     4.92     1      6.84(1)x10^6      0.0001461(2)      301.50(50)      5(5)x10^-13      2.0(2.0)       0.96(96)                           


                        Power /          Raw           FFT 'r'          Pred 'r'       FFT 'z'     Pred 'z'      Phase       Centroid     Purity                        
Cand   Harm  Sigma      Loc Pow         Power           (bin)             (bin)         (bins)      (bins)       (rad)        (0-1)      <p> = 1           Notes        
------------------------------------------------------------------------------------------------------------------------------------------------------------------------
 1     1     10.52       59(11)       2.64e+09         2.474(87)          2.88        -6.9(1.2)      0.25       3.156(92)    0.829(27)   0.582(71)                        
       2     12.99       88(13)       2.85e+09         4.948(54)          5.75        -13.76(55)     0.50       0.023(75)    0.772(22)   0.764(44)                        
       3     3.07       6.8(3.7)       1.5e+09         7.42(28)           8.62        -20.6(4.0)     0.75       3.32(27)     0.838(78)   0.54(23)                         
       4     2.26       4.4(3.0)      9.96e+08         9.90(23)           11.50       -27.5(2.2)     1.00       5.93(34)     0.849(97)   0.80(19)                         
       5     1.43       2.6(2.3)      7.51e+08         12.37(26)          14.38       -34.4(2.1)     1.25       2.36(44)     0.98(13)    0.95(21)                         
       6     1.98       3.7(2.7)      1.17e+09         14.84(38)          17.25       -41.3(5.6)     1.50       5.47(37)     0.82(11)    0.53(31)                         
       7     1.45       2.6(2.3)      8.04e+08         17.32(57)          20.12        -48(10)       1.75       2.32(44)     0.87(13)    0.42(46)                         
       8     1.23       2.2(2.1)      6.54e+08         19.79(39)          23.00       -55.0(4.5)     2.00       5.16(48)     0.82(14)    0.67(32)                         
 2     1     0.74       1.5(1.7)       3.8e+06         55.2(1.1)          55.12       0.0(2.9)x10    0.25       3.15(58)     0.53(17)    0.29(89)                         
       2     0.29       1.0(1.4)       7.6e+05        110.37(48)         110.25       -0.2(4.5)      0.50       2.88(72)     0.78(21)    0.83(39)                         
       3     0.00       0.12(49)      1.38e+04        165.56(76)         165.38       -0.3(3.9)      0.75       4.1(2.0)     0.50(59)    1.48(61)                         
       4     2.00       3.8(2.8)      2.59e+05        220.74(19)         220.50       -0.4(1.5)      1.00       5.88(36)     0.59(10)    1.03(16)                         
       5     0.00       0.6(1.1)      4.29e+04        275.93(46)         275.62       -0.5(3.2)      1.25       4.21(94)     0.80(27)    1.12(38)                         
       6     1.93       3.6(2.7)      1.08e+05        331.11(20)         330.75       -0.6(1.6)      1.50       4.49(37)     0.56(11)    1.00(17)                         
       7     2.77       5.9(3.4)      1.56e+05        386.30(14)         385.88       -0.74(98)      1.75       2.92(29)     0.539(84)   1.13(12)                         
       8     0.69       1.4(1.7)      5.39e+04        441.48(26)         441.00       -0.8(1.6)      2.00       0.81(60)     0.66(17)    1.27(21)                         
 3     1     1.53       2.8(2.3)      2.24e+06         77.74(29)          77.50        2.7(2.7)      1.00       2.59(43)     0.64(12)    0.82(23)                         
       2     2.70       5.7(3.4)      3.85e+05        155.48(21)         155.00        5.3(2.2)      2.00       5.63(30)     0.587(86)   0.77(17)                         
 4     1     1.01       1.9(1.9)      7.34e+05        120.83(34)         121.25        0.7(3.1)      -0.50      1.86(52)     0.92(15)    0.85(27)                         
       2     1.97       3.7(2.7)      2.68e+05        241.65(25)         242.50        1.5(2.4)      -1.00      3.52(37)     0.61(11)    0.81(20)                         
       3     0.36       1.0(1.4)      5.06e+04        362.48(45)         363.75        2.2(4.1)      -1.50      0.71(70)     0.70(20)    0.85(37)                         
       4     0.76       1.5(1.7)      3.46e+04        483.31(35)         485.00        3.0(3.0)      -2.00      2.19(58)     0.55(17)    0.91(28)                         
 5     1     3.66       9.0(4.2)      4.15e+05        156.81(16)         156.50        2.0(1.4)      0.00       4.51(24)     0.551(68)   0.84(13)                         
       2     2.58       5.3(3.3)      2.13e+05        313.63(21)         313.00        4.1(1.9)      0.00       6.11(31)     0.397(89)   0.82(17)                         
 6     1     3.18       7.2(3.8)      5.39e+05        200.13(15)         200.00       -0.6(1.2)      0.00       1.91(26)     0.697(76)   0.95(12)                         
 7     1     2.08       4.0(2.8)      3.63e+05        173.51(22)         173.50       -0.1(1.9)      0.00       1.05(35)     0.64(10)    0.90(18)                         
       2     1.12       2.0(2.0)      8.99e+04        347.03(27)         347.00       -0.3(2.1)      0.00       1.26(50)     0.73(14)    1.02(22)                         
 8     1     1.82       3.4(2.6)      2.95e+05        223.10(20)         223.00        0.0(1.5)      0.00       3.93(39)     0.57(11)    1.06(16)                         
       2     1.70       3.1(2.5)      1.13e+05        446.21(23)         446.00        0.1(1.8)      0.00       2.58(40)     0.62(12)    0.97(19)                         
 9     1     3.09       6.9(3.7)      2.58e+05        281.07(15)         281.00       -1.5(1.2)      -2.00      3.38(27)     0.525(78)   0.99(12)                         
 10    1     3.05       6.8(3.7)      2.89e+05        353.05(15)         353.50        4.2(1.2)      2.00       1.82(27)     0.607(78)   0.99(12)                         
 11    1     2.44       4.9(3.1)       2.4e+05        301.32(18)         301.50        3.1(1.5)      2.00       4.91(32)     0.570(92)   0.96(15)                         


 Data file name without suffix          =  179305185_tfaw4_ts
 Telescope used                         =  GTC
 Instrument used                        =  CIRCE
 Object being observed                  =  179305185`
 J2000 Right Ascension (hh:mm:ss.ssss)  =  18:26:15.0568
 J2000 Declination     (dd:mm:ss.ssss)  =  -14:50:54.242
 Data observed by                       =  Dallilar
 Epoch of observation (MJD)             =  1325.29536961675
 Barycentered?           (1 yes, 0 no)  =  0
 Number of bins in the time series      =  17198
 Width of each time series bin (sec)    =  120
 Any breaks in the data? (1 yes, 0 no)  =  0
 Type of observation (EM band)          =  IR
 Photometric filter used                =  Other
 Field-of-view diameter (arcsec)        =  180.00
 Central wavelength (nm)                =  500.0
 Bandpass (nm)                          =  400.0
 Data analyzed by                       =  unset
 Any additional notes:
   none
