             Summed  Coherent  Num        Period          Frequency         FFT 'r'        Freq Deriv       FFT 'z'         Accel                           
Cand  Sigma  Power    Power    Harm        (ms)             (Hz)             (bin)           (Hz/s)         (bins)         (m/s^2)             Notes        
------------------------------------------------------------------------------------------------------------------------------------------------------------
1     177.8  15886.  68227.52   8      1.01(3)x10^9      9.9(3)x10^-7      2.063(63)       6(6)x10^-14      0.25(25)        17(17)                            
2     48.12  1210.8    5.76     8      3.921(5)x10^7    2.550(3)x10^-5     53.313(63)      6(6)x10^-14      0.25(25)       0.67(67)       H 24 of Cand 1
3     32.69  563.76    0.56     4      2.481(4)x10^7    4.030(6)x10^-5     84.25(13)      1.0(1)x10^-13     0.50(50)       0.85(85)       H 35 of Cand 1
4     26.72  401.81    0.09     8      2.110(1)x10^7    4.739(3)x10^-5     99.063(63)     0.0(6)x10^-13     0.00(25)       0.00(36)       H 45 of Cand 1
5     15.45  143.92    2.59     4      1.454(1)x10^7    6.877(6)x10^-5     143.75(13)    -1.0(1)x10^-13    -0.50(50)      -0.50(50)       H 59 of Cand 1
6     12.47  112.96   43.14     8     1.3347(5)x10^7    7.493(3)x10^-5    156.625(63)      6(6)x10^-14      0.25(25)       0.23(23)                           
7     11.39  81.19    10.50     2      9.46(1)x10^6      0.0001057(1)      221.00(25)     0.0(2)x10^-12     0.0(1.0)       0.00(65)                           
8     8.77   54.11     4.01     2      8.594(9)x10^6     0.0001164(1)      243.25(25)     -2(2)x10^-13     -1.0(1.0)      -0.59(59)                           
9     7.18   37.87     9.63     1      6.231(9)x10^6     0.0001605(2)      335.50(50)      5(5)x10^-13      2.0(2.0)       0.85(85)       H 4 of Cand 3
10    6.17   31.01     5.84     1      6.81(1)x10^6      0.0001469(2)      307.00(50)     -5(5)x10^-13     -2.0(2.0)      -0.93(93)                           
11    5.35   26.15     6.54     1      5.783(8)x10^6     0.0001729(2)      361.50(50)     -5(5)x10^-13     -2.0(2.0)      -0.79(79)                           
12    5.30   25.88     4.78     1      7.63(1)x10^6      0.0001311(2)      274.00(50)     -5(5)x10^-13     -2.0(2.0)      -1.0(1.0)       H 5 of Cand 2
13    4.60   22.26     4.89     1      5.552(7)x10^6     0.0001801(2)      376.50(50)     0.0(5)x10^-12     0.0(2.0)       0.00(76)       H 7 of Cand 2


                        Power /          Raw           FFT 'r'          Pred 'r'       FFT 'z'     Pred 'z'      Phase       Centroid     Purity                        
Cand   Harm  Sigma      Loc Pow         Power           (bin)             (bin)         (bins)      (bins)       (rad)        (0-1)      <p> = 1           Notes        
------------------------------------------------------------------------------------------------------------------------------------------------------------------------
 1     1     46.23      1073(46)       1.8e+10      0.0(1.8)x10^-4        2.06       -0.021751(22    0.25       6.272(22)    0.5448(62   65.00481(                        
       2     46.20      1072(46)       1.8e+10      0.0(1.8)x10^-4        4.12       -0.043502(22    0.50       6.261(22)    0.8413(62   65.00473(                        
       3     46.01      1063(46)       1.8e+10      0.0(1.8)x10^-4        6.19       -0.065253(22    0.75       6.250(22)    1.1379(63   65.00465(                        
       4     46.13      1069(46)       1.8e+10      0.0(1.8)x10^-4        8.25       -0.087004(22    1.00       6.239(22)    1.4345(62   65.00454(                        
       5     45.94      1060(46)       1.8e+10      0.0(1.8)x10^-4        10.31      -0.108755(22    1.25       6.227(22)    1.7311(63   65.00446(                        
       6     46.06      1066(46)       1.8e+10      0.0(1.8)x10^-4        12.38      -0.130506(22    1.50       6.216(22)    2.0277(63   65.00436(                        
       7     46.02      1064(46)       1.8e+10      0.0(1.8)x10^-4        14.44      -0.152257(22    1.75       6.205(22)    2.3244(63   65.00428(                        
       8     45.98      1062(46)       1.8e+10      0.0(1.8)x10^-4        16.50      -0.174008(22    2.00       6.194(22)    2.6211(63   65.00420(                        
 2     1     2.26       4.4(3.0)      1.39e+07         53.29(16)          53.31       -0.9(1.0)      0.25       3.73(34)     0.503(97)   1.18(13)                         
       2     0.42       1.1(1.5)      1.44e+06        106.58(66)         106.62       -1.9(8.9)      0.50       3.39(68)     0.52(20)    0.57(53)                         
       3     0.50       1.2(1.5)      3.64e+05        159.9(1.3)         159.94      -0.3(3.7)x10    0.75       4.80(65)     0.24(19)    0.3(1.1)                         
       4     0.76       1.5(1.7)      2.76e+05        213.17(27)         213.25       -3.7(1.8)      1.00       1.47(58)     0.70(17)    1.17(22)                         
       5     0.63       1.3(1.6)       1.1e+05        266.46(78)         266.56      -0.5(1.4)x10    1.25       5.34(61)     0.54(18)    0.44(63)                         
       6     1.65       3.0(2.5)      3.22e+05        319.75(20)         319.88       -5.6(1.4)      1.50       5.59(41)     0.53(12)    1.11(16)                         
       7     0.65       1.4(1.6)      1.15e+05        373.04(40)         373.19       -6.5(3.8)      1.75       3.07(61)     0.66(18)    0.83(33)                         
       8     0.17       0.8(1.3)       4.4e+04        426.34(35)         426.50       -7.5(2.3)      2.00       1.52(77)     0.29(22)    1.20(29)                         
 3     1     1.78       3.3(2.6)      4.79e+06         84.71(33)          84.25       -2.6(3.8)      0.50       0.34(39)     0.69(11)    0.66(26)                         
       2     0.87       1.7(1.8)      4.63e+05        169.43(29)         168.50       -5.2(2.2)      1.00       3.46(55)     0.55(16)    1.04(24)                         
       3     0.00       0.7(1.1)      9.08e+04        254.14(41)         252.75       -7.7(2.7)      1.50       1.71(88)     0.24(25)    1.17(33)                         
       4     1.86       3.5(2.6)      2.77e+05        338.85(20)         337.00       -10.3(1.5)     2.00       4.76(38)     0.57(11)    1.04(16)                         
 4     1     2.25       4.4(3.0)      6.23e+06         99.08(20)          99.06       -0.2(1.7)      0.00       4.12(34)     0.596(97)   0.92(16)                         
       2     1.08       2.0(2.0)      3.05e+05        198.16(54)         198.12       -0.4(8.2)      0.00       2.06(50)     0.59(15)    0.51(44)                         
       3     0.61       1.3(1.6)      1.26e+05        297.25(30)         297.19       -0.6(2.0)      0.00       0.63(62)     0.60(18)    1.14(24)                         
       4     0.00       0.47(97)      3.89e+04        396.3(6.0)         396.25      0.0(4.9)x10^    0.00       1.4(1.0)     0.25(30)    0.1(4.8)                         
       5     2.10       4.0(2.8)      1.58e+05        495.41(30)         495.31       -1.0(3.5)      0.00     0.0(3.5)x10^   0.37(10)    0.65(24)                         
       6     1.19       2.1(2.1)      1.85e+04        594.49(25)         594.38       -1.1(1.8)      0.00       2.84(48)     0.50(14)    1.07(20)                         
       7     1.27       2.3(2.1)      6.84e+03        693.6(1.0)         693.44      -0.1(3.2)x10    0.00       0.11(47)     0.65(13)    0.25(84)                         
       8     0.17       0.8(1.3)      2.09e+03        792.7(1.0)         792.50      -0.2(1.8)x10    0.00       4.05(77)     0.53(22)    0.43(81)                         
 5     1     1.61       2.9(2.4)      1.23e+06        144.29(37)         143.75       -4.8(4.8)      -0.50      5.08(41)     0.59(12)    0.61(30)                         
       2     0.00       0.49(99)      4.47e+04        288.58(44)         287.50       -9.6(2.7)      -1.00      3.7(1.0)     0.62(29)    1.25(36)                         
       3     1.31       2.3(2.2)      1.42e+05        432.88(35)         431.25       -14.4(3.7)     -1.50      0.53(46)     0.52(13)    0.73(28)                         
       4     1.31       2.4(2.2)      3.06e+04        577.17(26)         575.00       -19.3(2.0)     -2.00      3.02(46)     0.74(13)    0.99(21)                         
 6     1     1.14       2.1(2.0)      8.93e+05        156.38(33)         156.62       -2.9(3.2)      0.25       5.80(49)     0.39(14)    0.81(27)                         
       2     1.34       2.4(2.2)      2.39e+05        312.76(24)         313.25       -5.9(1.8)      0.50       4.12(46)     0.52(13)    1.04(20)                         
       3     0.00       0.18(60)      7.32e+03        469.14(48)         469.88       -8.8(1.9)      0.75       4.1(1.7)     0.97(48)    1.93(39)                         
       4     0.00       0.6(1.1)      5.02e+03        625.52(68)         626.50       -11.8(7.0)     1.00       3.50(93)     0.79(27)    0.75(55)                         
       5     2.13       4.1(2.9)       5.5e+03        781.90(34)         783.12       -14.7(4.7)     1.25       4.06(35)     0.57(10)    0.56(28)                         
       6     0.00       0.31(79)         531          938.3(1.2)         939.75        -18(15)       1.50       4.7(1.3)     0.48(37)    0.59(96)                         
       7     0.00       0.24(70)         347          1094.7(1.8)        1096.38       -21(32)       1.75       2.8(1.4)     0.39(42)    0.4(1.5)                         
       8     2.06       3.9(2.8)      2.31e+03        1251.03(27)        1253.00      -23.5(2.9)     2.00       3.38(36)     0.56(10)    0.73(22)                         
 7     1     3.42       8.1(4.0)      1.25e+06        220.96(12)         221.00        0.87(86)      0.00       2.98(25)     0.435(72)   1.11(10)                         
       2     0.59       1.3(1.6)      8.72e+04        441.9(1.1)         442.00       0.2(2.7)x10    0.00       1.08(62)     0.51(18)    0.32(89)                         
 8     1     3.31       7.7(3.9)      5.87e+05        243.32(14)         243.25       -1.0(1.1)      -1.00      4.86(26)     0.531(74)   0.98(12)                         
       2     1.56       2.8(2.4)      1.29e+05        486.63(26)         486.50       -2.0(2.3)      -2.00      1.10(42)     0.46(12)    0.88(21)                         
 9     1     3.82       9.6(4.4)      6.08e+05        335.60(13)         335.50        2.0(1.0)      2.00       1.65(23)     0.539(66)   0.98(10)                         
 10    1     2.76       5.8(3.4)      5.37e+05        307.05(15)         307.00       -3.3(1.2)      -2.00      1.71(29)     0.405(84)   1.04(13)                         
 11    1     2.98       6.5(3.6)      4.23e+05        361.21(19)         361.50       -0.2(1.9)      -2.00      1.84(28)     0.554(80)   0.80(16)                         
 12    1     2.39       4.8(3.1)       4.5e+05        274.07(17)         274.00       -3.0(1.2)      -2.00      1.22(32)     0.421(93)   1.08(13)                         
 13    1     2.43       4.9(3.1)      3.72e+05        376.36(18)         376.50       -0.4(1.4)      0.00       1.41(32)     0.479(92)   0.97(15)                         


 Data file name without suffix          =  279957111_tfaw4_ts
 Telescope used                         =  GTC
 Instrument used                        =  CIRCE
 Object being observed                  =  279957111
 J2000 Right Ascension (hh:mm:ss.ssss)  =  18:26:15.0568
 J2000 Declination     (dd:mm:ss.ssss)  =  -14:50:54.242
 Data observed by                       =  Dallilar
 Epoch of observation (MJD)             =  1325.29536961675
 Barycentered?           (1 yes, 0 no)  =  0
 Number of bins in the time series      =  17420
 Width of each time series bin (sec)    =  120
 Any breaks in the data? (1 yes, 0 no)  =  0
 Type of observation (EM band)          =  IR
 Photometric filter used                =  Other
 Field-of-view diameter (arcsec)        =  180.00
 Central wavelength (nm)                =  500.0
 Bandpass (nm)                          =  400.0
 Data analyzed by                       =  unset
 Any additional notes:
   none
