             Summed  Coherent  Num        Period          Frequency         FFT 'r'        Freq Deriv       FFT 'z'         Accel                           
Cand  Sigma  Power    Power    Harm        (ms)             (Hz)             (bin)           (Hz/s)         (bins)         (m/s^2)             Notes        
------------------------------------------------------------------------------------------------------------------------------------------------------------
1     170.6  14634.  3778.52    8       9.4(3)x10^8     1.06(3)x10^-6      2.188(63)       6(6)x10^-14      0.25(25)        17(17)                            
2     31.35  538.38   14.32     8      4.670(7)x10^7    2.141(3)x10^-5     44.188(63)      6(6)x10^-14      0.25(25)       0.82(82)       H 19 of Cand 1
3     9.46   60.52    24.39     2      1.008(1)x10^7    9.92(1)x10^-5      204.75(25)      2(2)x10^-13      1.0(1.0)       0.71(71)                           
4     8.40   50.78    12.68     2      1.304(2)x10^7    7.67(1)x10^-5      158.25(25)      2(2)x10^-13      1.0(1.0)       0.92(92)       H 54 of Cand 1
5     8.31   55.75    17.77     4      1.277(1)x10^7    7.832(6)x10^-5     161.63(13)     1.0(1)x10^-13     0.50(50)       0.45(45)                           
6     7.35   42.21     9.78     2      9.22(1)x10^6      0.0001084(1)      223.75(25)     0.0(2)x10^-12     0.0(1.0)       0.00(65)       H 5 of Cand 2
7     6.23   31.35     4.28     1      7.24(1)x10^6      0.0001381(2)      285.00(50)     -5(5)x10^-13     -2.0(2.0)      -1.0(1.0)                           
8     3.95   21.77     8.68     2      8.288(8)x10^6     0.0001207(1)      249.00(25)      2(2)x10^-13      1.0(1.0)       0.58(58)                           
9     3.31   16.88     6.08     1      6.43(1)x10^6      0.0001555(2)      321.00(50)     -5(5)x10^-13     -2.0(2.0)      -0.91(91)       H 2 of Cand 5
10    2.02   13.03     5.54     1      4.429(5)x10^6     0.0002258(2)      466.00(50)     -5(5)x10^-13     -2.0(2.0)      -0.62(62)                           


                        Power /          Raw           FFT 'r'          Pred 'r'       FFT 'z'     Pred 'z'      Phase       Centroid     Purity                        
Cand   Harm  Sigma      Loc Pow         Power           (bin)             (bin)         (bins)      (bins)       (rad)        (0-1)      <p> = 1           Notes        
------------------------------------------------------------------------------------------------------------------------------------------------------------------------
 1     1     24.32      300(24)       6.36e+09         1.043(37)          2.19         4.33(48)      0.25       0.547(41)    0.258(12)   0.601(30)                        
       2     25.85      338(26)       7.09e+09         2.086(25)          4.38         8.65(23)      0.50       1.176(38)    0.336(11)   0.836(21)                        
       3     21.03      225(21)       4.58e+09         3.129(38)          6.56         12.98(42)     0.75       1.852(47)    0.307(14)   0.689(31)                        
       4     12.03       76(12)       2.18e+09         4.17(22)           8.75         17.3(8.5)     1.00       2.510(81)    0.244(23)   0.20(18)                         
       5     3.65       8.9(4.2)      7.85e+08         5.22(13)           10.94        21.63(97)     1.25       3.44(24)     0.135(68)   1.02(10)                         
       6     2.82       6.0(3.5)      8.56e+08         6.26(31)           13.12        26.0(4.7)     1.50       4.78(29)     0.280(83)   0.51(25)                         
       7     2.49       5.1(3.2)      1.03e+09         7.30(45)           15.31        30.3(8.9)     1.75       5.66(31)     0.314(91)   0.39(36)                         
       8     1.98       3.7(2.7)      1.08e+09         8.34(38)           17.50        34.6(5.5)     2.00       0.20(37)     0.31(11)    0.53(31)                         
 2     1     0.89       1.7(1.8)      4.03e+06         43.8(2.8)          44.19      0.0(2.0)x10^    0.25       5.79(55)     0.31(16)    0.1(2.2)                         
       2     0.71       1.4(1.7)      6.95e+05         87.57(50)          88.38       -2.7(6.0)      0.50       1.69(59)     0.26(17)    0.65(41)                         
       3     0.00       0.07(36)      1.38e+04        131.3(2.5)         132.56      -0.4(3.2)x10    0.75       2.9(2.8)     0.14(80)    0.6(2.0)                         
       4     1.45       2.6(2.3)      5.52e+05        175.13(24)         176.75       -5.3(1.9)      1.00       3.34(44)     0.73(13)    0.99(20)                         
       5     0.46       1.1(1.5)      2.69e+05        218.91(34)         220.94       -6.6(2.4)      1.25       1.20(66)     0.67(19)    1.08(28)                         
       6     0.94       1.8(1.9)      1.71e+05        262.70(25)         265.12       -8.0(1.6)      1.50       0.35(53)     0.71(15)    1.18(20)                         
       7     0.15       0.8(1.3)       7.8e+04        306.5(1.9)         309.31      -0.9(6.4)x10    1.75       3.19(78)     0.61(23)    0.2(1.5)                         
       8     3.16       7.2(3.8)      4.56e+05        350.26(15)         353.50       -10.6(1.2)     2.00       5.91(26)     0.492(76)   0.99(12)                         
 3     1     3.15       7.1(3.8)      9.87e+05        204.67(16)         204.75        2.6(1.3)      1.00       1.16(27)     0.621(77)   0.93(13)                         
       2     3.14       7.1(3.8)      3.99e+05        409.34(13)         409.50        5.12(93)      2.00       1.56(27)     0.504(77)   1.11(11)                         
 4     1     2.25       4.4(3.0)      7.97e+05        158.63(18)         158.25        2.8(1.4)      1.00       4.27(34)     0.655(97)   1.02(15)                         
       2     1.84       3.4(2.6)      2.23e+05        317.26(18)         316.50        5.6(1.2)      2.00       1.36(38)     0.69(11)    1.15(15)                         
 5     1     0.00       0.10(44)      1.69e+04        160.45(23)         161.62       -0.51(32)      0.50       5.8(2.3)     1.66(65)    5.47(19)                         
       2     2.80       6.0(3.5)      3.61e+05        320.89(14)         323.25       -1.0(1.0)      1.00       3.88(29)     0.657(84)   1.11(12)                         
       3     1.09       2.0(2.0)      1.08e+05        481.34(31)         484.88       -1.5(2.6)      1.50       2.80(50)     0.49(15)    0.91(25)                         
       4     2.57       5.3(3.3)      2.07e+04        641.79(24)         646.50       -2.1(2.7)      2.00       4.46(31)     0.649(89)   0.70(20)                         
 6     1     2.84       6.1(3.5)      7.93e+05        223.98(16)         223.75        0.4(1.2)      0.00       1.41(29)     0.730(83)   1.01(13)                         
       2     0.34       1.0(1.4)      5.47e+04        448.0(1.7)         447.50       0.1(5.7)x10    0.00       1.83(70)     0.92(20)    0.2(1.4)                         
 7     1     2.20       4.3(2.9)      6.63e+05        285.09(16)         285.00       -1.7(1.1)      -2.00      0.96(34)     0.573(99)   1.14(13)                         
 8     1     0.42       1.1(1.5)      1.15e+05        249.45(68)         249.00        3.3(9.5)      1.00       3.03(68)     0.50(20)    0.55(55)                         
       2     2.24       4.4(3.0)      1.89e+05        498.89(16)         498.00        6.7(1.0)      2.00       5.33(34)     0.655(98)   1.18(13)                         
 9     1     2.84       6.1(3.5)      3.64e+05        320.94(14)         321.00       -1.00(97)      -2.00      3.72(29)     0.657(83)   1.12(11)                         
 10    1     2.66       5.5(3.3)      2.86e+05        466.14(13)         466.00       -3.15(79)      -2.00      1.24(30)     0.654(87)   1.27(11)                         


 Data file name without suffix          =  29984014_tfaw4_ts
 Telescope used                         =  GTC
 Instrument used                        =  CIRCE
 Object being observed                  =  29984014
 J2000 Right Ascension (hh:mm:ss.ssss)  =  18:26:15.0568
 J2000 Declination     (dd:mm:ss.ssss)  =  -14:50:54.242
 Data observed by                       =  Dallilar
 Epoch of observation (MJD)             =  1325.29536961675
 Barycentered?           (1 yes, 0 no)  =  0
 Number of bins in the time series      =  17198
 Width of each time series bin (sec)    =  120
 Any breaks in the data? (1 yes, 0 no)  =  0
 Type of observation (EM band)          =  IR
 Photometric filter used                =  Other
 Field-of-view diameter (arcsec)        =  180.00
 Central wavelength (nm)                =  500.0
 Bandpass (nm)                          =  400.0
 Data analyzed by                       =  unset
 Any additional notes:
   none
