             Summed  Coherent  Num        Period          Frequency         FFT 'r'        Freq Deriv       FFT 'z'         Accel                           
Cand  Sigma  Power    Power    Harm        (ms)             (Hz)             (bin)           (Hz/s)         (bins)         (m/s^2)             Notes        
------------------------------------------------------------------------------------------------------------------------------------------------------------
1     127.8  8238.3  112120.2   8      1.000(3)x10^9    1.00(3)x10^-6      2.063(63)       6(6)x10^-14      0.25(25)        18(18)                            
2     17.45  191.44    4.90     8      4.333(6)x10^7    2.308(3)x10^-5     47.625(63)      6(6)x10^-14      0.25(25)       0.76(76)       H 22 of Cand 1
3     15.02  137.27   21.81     4      2.724(4)x10^7    3.670(6)x10^-5     75.75(13)     -1.0(1)x10^-13    -0.50(50)      -0.96(96)       H 32 of Cand 1
4     13.71  117.82    5.49     4      2.349(3)x10^7    4.258(6)x10^-5     87.88(13)      1.0(1)x10^-13     0.50(50)       0.83(83)       H 37 of Cand 1
5     12.86  99.35     3.32     2      1.787(4)x10^7    5.60(1)x10^-5      115.50(25)     -2(2)x10^-13     -1.0(1.0)      -1.3(1.3)       H 42 of Cand 1
6     8.72   59.44    11.15     4      1.543(1)x10^7    6.481(6)x10^-5     133.75(13)     0.0(1)x10^-12     0.00(50)       0.00(54)       H 55 of Cand 1
7     7.60   59.11     7.95     8      9.330(3)x10^6    0.00010718(3)     221.188(63)     -6(6)x10^-14     -0.25(25)      -0.16(16)                           
8     7.24   38.35     8.54     1      1.147(3)x10^7    8.72(2)x10^-5      180.00(50)     -5(5)x10^-13     -2.0(2.0)      -1.6(1.6)       H 51 of Cand 1
9     5.91   37.11    14.25     4     1.0104(6)x10^7    9.897(6)x10^-5     204.25(13)     1.0(1)x10^-13     0.50(50)       0.36(36)                           
10    5.23   25.46     7.43     1      6.008(9)x10^6     0.0001664(2)      343.50(50)     0.0(5)x10^-12     0.0(2.0)       0.00(85)       H 7 of Cand 2
11    4.65   22.51     7.95     1      5.646(8)x10^6     0.0001771(2)      365.50(50)     -5(5)x10^-13     -2.0(2.0)      -0.79(79)                           
12    4.23   20.55    13.34     1      4.419(5)x10^6     0.0002263(2)      467.00(50)     -5(5)x10^-13     -2.0(2.0)      -0.62(62)       H 10 of Cand 2
13    3.97   19.43     5.31     1      5.172(6)x10^6     0.0001933(2)      399.00(50)     0.0(5)x10^-12     0.0(2.0)       0.00(73)       H 3 of Cand 6
14    2.01   13.00     4.90     1      4.850(6)x10^6     0.0002062(2)      425.50(50)      5(5)x10^-13      2.0(2.0)       0.68(68)       H 9 of Cand 2


                        Power /          Raw           FFT 'r'          Pred 'r'       FFT 'z'     Pred 'z'      Phase       Centroid     Purity                        
Cand   Harm  Sigma      Loc Pow         Power           (bin)             (bin)         (bins)      (bins)       (rad)        (0-1)      <p> = 1           Notes        
------------------------------------------------------------------------------------------------------------------------------------------------------------------------
 1     1     59.27      1762(59)      2.95e+09      0.0(1.4)x10^-4        2.06       -0.020647(17    0.25       6.272(17)    0.5339(49   64.99297(                        
       2     58.47      1715(59)      2.95e+09      0.0(1.4)x10^-4        4.12       -0.041293(17    0.50       6.262(17)    0.8176(49   64.99294(                        
       3     59.30      1763(59)      2.95e+09      0.0(1.4)x10^-4        6.19       -0.061940(17    0.75       6.251(17)    1.1013(49   64.99295(                        
       4     59.31      1764(59)      2.95e+09      0.0(1.4)x10^-4        8.25       -0.082587(17    1.00       6.240(17)    1.3850(49   64.99291(                        
       5     59.32      1764(59)      2.95e+09      0.0(1.4)x10^-4        10.31      -0.103233(17    1.25       6.230(17)    1.6687(49   64.99290(                        
       6     59.33      1765(59)      2.95e+09      0.0(1.4)x10^-4        12.38      -0.123880(17    1.50       6.219(17)    1.9524(49   64.99288(                        
       7     59.33      1765(59)      2.95e+09      0.0(1.4)x10^-4        14.44      -0.144526(17    1.75       6.208(17)    2.2362(49   64.99284(                        
       8     58.53      1718(59)      2.95e+09      0.0(1.4)x10^-4        16.50      -0.165173(17    2.00       6.198(17)    2.5199(49   64.99286(                        
 2     1     1.77       3.3(2.6)      4.67e+05         46.46(17)          47.62       -0.1(1.0)      0.25       4.77(39)     0.47(11)    1.26(14)                         
       2     0.20       0.9(1.3)      5.03e+04         92.91(25)          95.25       -0.3(1.2)      0.50       5.63(76)     0.54(22)    1.65(21)                         
       3     3.01       6.6(3.6)      2.21e+05        139.37(14)         142.88       -0.42(96)      0.75       0.28(27)     0.631(79)   1.10(11)                         
       4     0.69       1.4(1.7)      4.81e+04        185.83(27)         190.50       -0.6(1.7)      1.00       1.28(60)     0.50(17)    1.23(22)                         
       5     0.00       0.6(1.1)      2.64e+04        232.3(1.4)         238.12      -0.1(2.8)x10    1.25       3.69(94)     0.69(27)    0.4(1.1)                         
       6     0.00       0.5(1.0)      1.32e+04        278.74(52)         285.75       -0.8(3.8)      1.50       0.1(1.0)     0.52(29)    1.05(42)                         
       7     0.08       0.8(1.2)       1.4e+04        325.20(37)         333.38       -1.0(2.4)      1.75       2.55(81)     0.46(23)    1.21(30)                         
       8     1.00       1.8(1.9)      3.35e+04        371.65(33)         381.00       -1.1(2.9)      2.00       4.29(52)     0.81(15)    0.88(26)                         
 3     1     1.96       3.7(2.7)      2.19e+05         75.45(52)          75.75       0.0(1.0)x10    -0.50      3.59(37)     0.55(11)    0.39(42)                         
       2     1.04       1.9(1.9)      1.03e+05        150.89(25)         151.50        0.9(1.7)      -1.00      5.43(51)     0.66(15)    1.15(20)                         
       3     0.52       1.2(1.5)       4.6e+04        226.34(37)         227.25        1.3(3.0)      -1.50      3.84(65)     0.89(19)    0.96(30)                         
       4     1.76       3.2(2.5)      9.16e+04        301.79(22)         303.00        1.7(1.8)      -2.00      1.94(39)     0.69(11)    0.97(18)                         
 4     1     0.94       1.7(1.9)      1.61e+05         87.76(38)          87.88        1.8(3.9)      0.50       6.01(54)     0.75(15)    0.77(31)                         
       2     1.53       2.8(2.4)      8.91e+04        175.52(36)         175.75        3.6(4.2)      1.00       3.55(43)     0.82(12)    0.65(29)                         
       3     3.85       9.7(4.4)      1.21e+05        263.29(12)         263.62        5.43(86)      1.50       0.49(23)     0.590(65)   1.064(95)                        
       4     0.00       0.48(98)      9.64e+03        351.05(48)         351.50        7.2(3.1)      2.00       4.9(1.0)     0.56(29)    1.18(39)                         
 5     1     4.16      11.1(4.7)      4.35e+05        115.78(11)         115.50       -2.64(80)      -1.00      5.48(21)     0.498(61)   1.065(89)                        
       2     1.80       3.3(2.6)      1.38e+05        231.57(17)         231.00       -5.3(1.1)      -2.00      1.95(39)     0.61(11)    1.25(14)                         
 6     1     0.63       1.3(1.6)      6.18e+04        133.76(42)         133.75       -0.5(4.1)      0.00       2.08(61)     0.49(18)    0.80(34)                         
       2     3.22       7.4(3.8)       9.7e+04        267.52(14)         267.50       -1.1(1.1)      0.00       5.64(26)     0.558(75)   1.01(12)                         
       3     1.74       3.2(2.5)      4.76e+04        401.28(19)         401.25       -1.6(1.2)      0.00       3.47(40)     0.53(11)    1.17(15)                         
       4     0.87       1.6(1.8)      6.41e+03        535.0(1.3)         535.00      -0.2(4.1)x10    0.00       3.75(55)     0.88(16)    0.2(1.0)                         
 7     1     2.59       5.3(3.3)      1.48e+05        220.00(20)         221.19        2.0(1.9)      -0.25      4.01(31)     0.754(88)   0.83(16)                         
       2     1.38       2.5(2.2)      3.18e+04        440.00(30)         442.38        4.1(2.8)      -0.50      1.35(45)     0.71(13)    0.83(24)                         
       3     1.57       2.8(2.4)      1.89e+03        660.00(28)         663.56        6.1(2.7)      -0.75      3.39(42)     0.75(12)    0.81(23)                         
       4     0.73       1.5(1.7)         273          880.00(23)         884.75        8.1(1.2)      -1.00      4.55(58)     0.57(17)    1.41(18)                         
       5     0.31       1.0(1.4)         221          1100.00(14)        1105.94       10.18(36)     -1.25      3.56(72)     0.55(21)    2.90(11)                         
       6     2.01       3.8(2.8)         340          1320.00(19)        1327.12       12.2(1.4)     -1.50      4.34(36)     0.55(10)    1.04(16)                         
       7     0.00       0.44(94)        70.4          1540.00(22)        1548.31       14.25(62)     -1.75      3.9(1.1)     0.54(31)    2.71(18)                         
       8     1.88       3.5(2.6)         290          1760.00(12)        1769.50       16.29(51)     -2.00      4.16(38)     0.56(11)    1.785(95)                        
 8     1     3.55       8.5(4.1)      2.02e+05        180.61(14)         180.00       -6.2(1.1)      -2.00      3.34(24)     0.691(70)   0.97(11)                         
 9     1     1.92       3.6(2.7)      1.07e+05        204.26(22)         204.25        1.7(1.9)      0.50       0.85(37)     0.69(11)    0.92(18)                         
       2     0.72       1.4(1.7)       2.4e+04        408.52(28)         408.50        3.4(1.9)      1.00       2.83(59)     0.52(17)    1.16(23)                         
       3     0.00       0.02(22)         31           612.79(43)         612.75        5.09(59)      1.50       5.9(4.5)     1.6(1.3)    5.73(35)                         
       4     1.18       2.1(2.1)         460          817.05(26)         817.00        6.8(1.9)      2.00       3.22(49)     0.56(14)    1.04(21)                         
 10    1     3.24       7.4(3.9)      1.05e+05        343.31(15)         343.50        0.1(1.3)      0.00       0.88(26)     0.619(75)   0.94(12)                         
 11    1     3.39       7.9(4.0)      9.69e+04        365.39(11)         365.50       -2.05(71)      -2.00      4.65(25)     0.624(72)   1.230(91)                        
 12    1     4.66      13.3(5.2)      9.54e+04        466.86(12)         467.00       -2.9(1.1)      -2.00      4.10(19)     0.652(56)   0.86(10)                         
 13    1     2.58       5.3(3.3)      7.77e+04        398.99(15)         399.00       -0.4(1.0)      0.00       4.32(31)     0.645(89)   1.13(12)                         
 14    1     2.44       4.9(3.1)      6.67e+04        425.51(14)         425.50        2.80(92)      2.00       2.78(32)     0.613(92)   1.22(12)                         


 Data file name without suffix          =  389565293_tfaw4_ts
 Telescope used                         =  GTC
 Instrument used                        =  CIRCE
 Object being observed                  =  389565293
 J2000 Right Ascension (hh:mm:ss.ssss)  =  18:26:15.0568
 J2000 Declination     (dd:mm:ss.ssss)  =  -14:50:54.242
 Data observed by                       =  Dallilar
 Epoch of observation (MJD)             =  1325.29536961675
 Barycentered?           (1 yes, 0 no)  =  0
 Number of bins in the time series      =  17198
 Width of each time series bin (sec)    =  120
 Any breaks in the data? (1 yes, 0 no)  =  0
 Type of observation (EM band)          =  IR
 Photometric filter used                =  Other
 Field-of-view diameter (arcsec)        =  180.00
 Central wavelength (nm)                =  500.0
 Bandpass (nm)                          =  400.0
 Data analyzed by                       =  unset
 Any additional notes:
   none
