             Summed  Coherent  Num        Period          Frequency         FFT 'r'        Freq Deriv       FFT 'z'         Accel                           
Cand  Sigma  Power    Power    Harm        (ms)             (Hz)             (bin)           (Hz/s)         (bins)         (m/s^2)             Notes        
------------------------------------------------------------------------------------------------------------------------------------------------------------
1     111.2  6256.7  91332.48   8      1.07(3)x10^9      9.4(3)x10^-7      1.938(63)      0.0(6)x10^-13     0.00(25)    0.0(1.9)x10^1                         
2     15.10  151.50    6.99     8      4.316(6)x10^7    2.317(3)x10^-5     47.813(63)      6(6)x10^-14      0.25(25)       0.76(76)       H 23 of Cand 1
3     15.01  150.06   13.90     8      2.961(3)x10^7    3.377(3)x10^-5     69.688(63)     0.0(6)x10^-13     0.00(25)       0.00(52)       H 33 of Cand 1
4     8.90   51.90     9.80     1      8.56(2)x10^6      0.0001168(2)      241.00(50)     -5(5)x10^-13     -2.0(2.0)      -1.2(1.2)       H 5 of Cand 2
5     8.30   49.95     3.53     2      1.308(2)x10^7    7.64(1)x10^-5      157.75(25)     -2(2)x10^-13     -1.0(1.0)      -0.92(92)       H 59 of Cand 1
6     7.15   40.74     1.46     2      9.30(1)x10^6      0.0001076(1)      222.00(25)      2(2)x10^-13      1.0(1.0)       0.65(65)                           
7     6.84   35.42     9.04     1      6.27(1)x10^6      0.0001594(2)      329.00(50)     -5(5)x10^-13     -2.0(2.0)      -0.88(88)       H 7 of Cand 2
8     6.09   30.52     8.72     1      5.555(7)x10^6     0.0001800(2)      371.50(50)     0.0(5)x10^-12     0.0(2.0)       0.00(78)       H 8 of Cand 2
9     4.10   19.97     4.62     1      7.77(1)x10^6      0.0001286(2)      265.50(50)      5(5)x10^-13      2.0(2.0)       1.1(1.1)                           
10    3.93   19.25     5.36     1      5.046(6)x10^6     0.0001982(2)      409.00(50)      5(5)x10^-13      2.0(2.0)       0.71(71)                           
11    3.58   17.85     4.60     1      5.965(9)x10^6     0.0001677(2)      346.00(50)      5(5)x10^-13      2.0(2.0)       0.84(84)       H 5 of Cand 3
12    3.26   16.70     6.92     1      7.33(1)x10^6      0.0001364(2)      281.50(50)     -5(5)x10^-13     -2.0(2.0)      -1.0(1.0)       H 6 of Cand 2


                        Power /          Raw           FFT 'r'          Pred 'r'       FFT 'z'     Pred 'z'      Phase       Centroid     Purity                        
Cand   Harm  Sigma      Loc Pow         Power           (bin)             (bin)         (bins)      (bins)       (rad)        (0-1)      <p> = 1           Notes        
------------------------------------------------------------------------------------------------------------------------------------------------------------------------
 1     1     53.31      1426(53)      2.06e+09      0.0(1.6)x10^-4        1.94       -0.010476(19    0.00       6.278(19)    0.3952(54   64.99416(                        
       2     53.32      1426(53)      2.06e+09      0.0(1.6)x10^-4        3.88       -0.020952(19    0.00       6.272(19)    0.5393(54   64.99416(                        
       3     53.32      1427(53)      2.06e+09      0.0(1.6)x10^-4        5.81       -0.031428(19    0.00       6.267(19)    0.6834(54   64.99413(                        
       4     53.33      1427(53)      2.06e+09      0.0(1.6)x10^-4        7.75       -0.041903(19    0.00       6.261(19)    0.8274(54   64.99410(                        
       5     53.34      1427(53)      2.06e+09      0.0(1.6)x10^-4        9.69       -0.052379(19    0.00       6.256(19)    0.9715(54   64.99409(                        
       6     53.34      1428(53)      2.06e+09      0.0(1.6)x10^-4        11.62      -0.062855(19    0.00       6.251(19)    1.1156(54   64.99409(                        
       7     53.35      1428(53)      2.06e+09      0.0(1.6)x10^-4        13.56      -0.073331(19    0.00       6.245(19)    1.2596(54   64.99408(                        
       8     53.35      1428(53)      2.06e+09      0.1(1.6)x10^-4        15.50      -0.083807(19    0.00       6.240(19)    1.4037(54   64.99407(                        
 2     1     0.76       1.5(1.7)      1.55e+05         47.18(53)          47.81        2.8(6.8)      0.25       4.15(58)     0.28(17)    0.60(43)                         
       2     0.26       0.9(1.4)      3.27e+04         94.36(24)          95.62        5.7(1.1)      0.50       3.68(74)     1.11(21)    1.72(19)                         
       3     1.27       2.3(2.1)       9.3e+04        141.54(27)         143.44        8.5(2.3)      0.75       5.41(47)     0.30(13)    0.94(22)                         
       4     0.45       1.1(1.5)      4.08e+04        188.72(68)         191.25        11.4(9.6)     1.00       1.58(67)     0.86(19)    0.54(55)                         
       5     2.02       3.8(2.8)      1.18e+05        235.90(18)         239.06        14.2(1.3)     1.25       3.89(36)     0.73(10)    1.08(15)                         
       6     0.00       0.7(1.2)      1.67e+04        283.08(79)         286.88         17(10)       1.50       3.05(85)     0.36(24)    0.59(64)                         
       7     1.99       3.8(2.7)      8.42e+04        330.26(22)         334.69        19.9(1.8)     1.75       5.36(36)     0.49(11)    0.92(18)                         
       8     1.78       3.3(2.6)      7.11e+04        377.44(22)         382.50        22.7(1.8)     2.00       1.33(39)     0.46(11)    0.96(18)                         
 3     1     2.77       5.9(3.4)      3.01e+05         69.64(23)          69.69       -1.0(2.5)      0.00       4.05(29)     0.572(84)   0.71(18)                         
       2     2.73       5.8(3.4)      2.21e+05        139.27(13)         139.38       -1.94(83)      0.00       4.36(29)     0.611(85)   1.23(11)                         
       3     0.00       0.6(1.1)      2.38e+04        208.91(58)         209.06       -2.9(5.3)      0.00       1.61(89)     0.51(26)    0.84(47)                         
       4     0.12       0.8(1.3)      1.71e+04        278.54(39)         278.75       -3.9(2.7)      0.00       2.07(80)     0.23(23)    1.13(32)                         
       5     1.50       2.7(2.3)      6.69e+04        348.18(29)         348.44       -4.9(2.7)      0.00       5.62(43)     0.60(12)    0.83(23)                         
       6     0.28       0.9(1.4)      2.04e+04        417.8(1.1)         418.12      -0.6(2.4)x10    0.00       5.25(73)     0.50(21)    0.36(90)                         
       7     3.84       9.7(4.4)      9.03e+04        487.448(99)        487.81       -6.81(60)      0.00       1.99(23)     0.476(66)   1.267(80)                        
       8     0.00       0.08(41)         401          557.08(43)         557.50       -7.8(1.0)      0.00       1.1(2.5)     1.44(71)    3.17(35)                         
 4     1     3.87       9.8(4.4)      2.93e+05        240.88(10)         241.00       -2.49(64)      -2.00      3.20(23)     0.648(65)   1.224(83)                        
 5     1     2.14       4.1(2.9)      1.53e+05        157.84(20)         157.75       -0.8(1.6)      -1.00      4.99(35)     0.55(10)    0.97(16)                         
       2     2.16       4.2(2.9)      1.18e+05        315.67(15)         315.50       -1.69(87)      -2.00      5.88(35)     0.51(10)    1.31(12)                         
 6     1     2.52       5.1(3.2)      1.59e+05        222.15(15)         222.00        2.5(1.0)      1.00       4.58(31)     0.570(90)   1.15(12)                         
       2     0.70       1.4(1.7)      3.27e+04        444.30(44)         444.00        5.0(4.7)      2.00       5.67(59)     0.47(17)    0.74(36)                         
 7     1     3.68       9.0(4.3)      2.03e+05        328.97(11)         329.00       -3.11(78)      -2.00      4.22(24)     0.558(68)   1.135(93)                        
 8     1     3.59       8.7(4.2)      1.82e+05        371.38(11)         371.50        0.88(77)      0.00       4.69(24)     0.569(69)   1.152(93)                        
 9     1     2.33       4.6(3.0)      1.21e+05        265.71(16)         265.50        2.6(1.0)      2.00       3.32(33)     0.576(95)   1.16(13)                         
 10    1     2.60       5.4(3.3)      1.18e+05        409.24(17)         409.00        2.2(1.3)      2.00       0.31(31)     0.647(88)   1.00(14)                         
 11    1     2.32       4.6(3.0)        1e+05         345.89(16)         346.00        2.6(1.1)      2.00       2.11(33)     0.473(95)   1.12(13)                         
 12    1     3.09       6.9(3.7)      9.62e+04        280.23(13)         281.50        0.22(82)      -2.00      2.08(27)     0.665(78)   1.19(10)                         


 Data file name without suffix          =  40404470_tfaw4_ts
 Telescope used                         =  GTC
 Instrument used                        =  CIRCE
 Object being observed                  =  40404470
 J2000 Right Ascension (hh:mm:ss.ssss)  =  18:26:15.0568
 J2000 Declination     (dd:mm:ss.ssss)  =  -14:50:54.242
 Data observed by                       =  Dallilar
 Epoch of observation (MJD)             =  1325.29536961675
 Barycentered?           (1 yes, 0 no)  =  0
 Number of bins in the time series      =  17198
 Width of each time series bin (sec)    =  120
 Any breaks in the data? (1 yes, 0 no)  =  0
 Type of observation (EM band)          =  IR
 Photometric filter used                =  Other
 Field-of-view diameter (arcsec)        =  180.00
 Central wavelength (nm)                =  500.0
 Bandpass (nm)                          =  400.0
 Data analyzed by                       =  unset
 Any additional notes:
   none
