             Summed  Coherent  Num        Period          Frequency         FFT 'r'        Freq Deriv       FFT 'z'         Accel                           
Cand  Sigma  Power    Power    Harm        (ms)             (Hz)             (bin)           (Hz/s)         (bins)         (m/s^2)             Notes        
------------------------------------------------------------------------------------------------------------------------------------------------------------
1     112.1  6349.8  105579.3   8      1.000(3)x10^9    1.00(3)x10^-6      2.063(63)       6(6)x10^-14      0.25(25)        18(18)                            
2     17.53  179.05   35.23     4      3.660(8)x10^7    2.732(6)x10^-5     56.38(13)      1.0(1)x10^-13     0.50(50)       1.3(1.3)       H 24 of Cand 1
3     13.35  112.80   19.49     4      2.575(4)x10^7    3.883(6)x10^-5     80.13(13)     -1.0(1)x10^-13    -0.50(50)      -0.91(91)       H 33 of Cand 1
4     12.40  100.22   11.56     4      2.312(3)x10^7    4.325(6)x10^-5     89.25(13)     -1.0(1)x10^-13    -0.50(50)      -0.81(81)       H 37 of Cand 1
5     8.55   52.09     3.62     2      8.837(9)x10^6     0.0001132(1)      233.50(25)      2(2)x10^-13      1.0(1.0)       0.62(62)                           
6     7.31   41.89     7.89     2      9.97(1)x10^6      0.0001003(1)      207.00(25)     -2(2)x10^-13     -1.0(1.0)      -0.70(70)                           
7     6.81   35.26     5.60     1      6.28(1)x10^6      0.0001592(2)      328.50(50)     0.0(5)x10^-12     0.0(2.0)       0.00(88)                           
8     6.13   30.74     5.38     1      6.78(1)x10^6      0.0001476(2)      304.50(50)     0.0(5)x10^-12     0.0(2.0)       0.00(95)                           
9     6.06   30.31     4.58     1      9.55(2)x10^6      0.0001047(2)      216.00(50)     -5(5)x10^-13     -2.0(2.0)      -1.3(1.3)                           
10    5.14   25.00     8.11     1      5.278(7)x10^6     0.0001895(2)      391.00(50)     -5(5)x10^-13     -2.0(2.0)      -0.74(74)       H 7 of Cand 2
11    4.37   21.17     7.11     1      4.755(5)x10^6     0.0002103(2)      434.00(50)     0.0(5)x10^-12     0.0(2.0)       0.00(67)       H 2 of Cand 9
12    2.89   15.45     5.66     1      4.447(5)x10^6     0.0002249(2)      464.00(50)      5(5)x10^-13      2.0(2.0)       0.63(63)                           


                        Power /          Raw           FFT 'r'          Pred 'r'       FFT 'z'     Pred 'z'      Phase       Centroid     Purity                        
Cand   Harm  Sigma      Loc Pow         Power           (bin)             (bin)         (bins)      (bins)       (rad)        (0-1)      <p> = 1           Notes        
------------------------------------------------------------------------------------------------------------------------------------------------------------------------
 1     1     57.74      1672(58)      1.42e+09      0.0(1.5)x10^-4        2.06       -0.015337(17    0.25       6.275(17)    0.4615(50   64.99469(                        
       2     57.75      1672(58)      1.42e+09      0.0(1.5)x10^-4        4.12       -0.030675(17    0.50       6.267(17)    0.6718(50   64.99471(                        
       3     56.11      1579(56)      1.42e+09      0.0(1.5)x10^-4        6.19       -0.046012(18    0.75       6.259(18)    0.8822(51   64.99469(                        
       4     57.76      1673(58)      1.42e+09      0.0(1.5)x10^-4        8.25       -0.061350(17    1.00       6.251(17)    1.0925(50   64.99466(                        
       5     57.77      1674(58)      1.42e+09      0.0(1.5)x10^-4        10.31      -0.076687(17    1.25       6.243(17)    1.3029(50   64.99465(                        
       6     57.78      1674(58)      1.42e+09      0.0(1.5)x10^-4        12.38      -0.092025(17    1.50       6.236(17)    1.5132(50   64.99464(                        
       7     56.14      1581(56)      1.42e+09      0.0(1.5)x10^-4        14.44      -0.107362(18    1.75       6.228(18)    1.7236(51   64.99459(                        
       8     57.78      1674(58)      1.42e+09      0.0(1.5)x10^-4        16.50      -0.122700(17    2.00       6.220(17)    1.9340(50   64.99461(                        
 2     1     3.65       8.9(4.2)      3.86e+05         56.25(13)          56.38       -2.20(93)      0.50       4.37(24)     0.579(68)   1.04(10)                         
       2     0.71       1.4(1.7)      4.19e+04        112.49(49)         112.75       -4.4(5.8)      1.00       2.78(59)     0.67(17)    0.66(40)                         
       3     0.25       0.9(1.4)       1.6e+04        168.74(76)         169.12      -0.7(1.1)x10    1.50       1.07(74)     0.92(21)    0.54(61)                         
       4     0.60       1.3(1.6)      2.25e+04        224.98(42)         225.50       -8.8(4.0)      2.00       4.37(62)     0.45(18)    0.82(34)                         
 3     1     0.00       0.43(93)      2.06e+04         80.52(27)          80.12       -1.69(94)      -0.50      2.6(1.1)     1.10(31)    2.21(22)                         
       2     3.14       7.1(3.8)       9.7e+04        161.05(18)         160.25       -3.4(1.8)      -1.00      3.95(27)     0.508(77)   0.80(15)                         
       3     2.40       4.8(3.1)      8.33e+04        241.57(17)         240.38       -5.1(1.3)      -1.50      4.83(32)     0.627(93)   1.02(14)                         
       4     1.37       2.5(2.2)       3.5e+04        322.10(25)         320.50       -6.8(2.0)      -2.00      2.77(45)     0.49(13)    0.98(21)                         
 4     1     1.73       3.2(2.5)      1.23e+05         89.60(22)          89.25        0.9(1.8)      -0.50      5.58(40)     0.60(11)    0.98(18)                         
       2     0.00       0.37(86)      7.34e+03        179.20(55)         178.50        1.7(3.6)      -1.00      1.4(1.2)     0.16(33)    1.17(44)                         
       3     2.54       5.2(3.2)      4.26e+04        268.79(17)         267.75        2.6(1.4)      -1.50      3.59(31)     0.703(90)   0.99(14)                         
       4     0.00       0.26(71)      2.57e+03        358.39(64)         357.00        3.5(4.1)      -2.00      4.6(1.4)     0.34(40)    1.20(52)                         
 5     1     3.26       7.5(3.9)      1.31e+05        233.29(12)         233.50        2.51(81)      1.00       4.64(26)     0.602(75)   1.167(99)                        
       2     0.02       0.7(1.2)      5.63e+03        466.58(35)         467.00        5.0(2.1)      2.00       6.26(84)     0.50(24)    1.32(28)                         
 6     1     1.23       2.2(2.1)      3.03e+04        206.98(39)         207.00       -5.6(4.5)      -1.00      5.30(48)     0.38(14)    0.67(32)                         
       2     3.84       9.7(4.4)      6.44e+04        413.96(12)         414.00       -11.27(90)     -2.00      2.30(23)     0.509(66)   1.038(98)                        
 7     1     2.68       5.6(3.3)      9.16e+04        328.61(16)         328.50       -1.0(1.3)      0.00       0.08(30)     0.583(86)   1.01(13)                         
 8     1     2.60       5.4(3.3)      9.17e+04        305.09(18)         304.50        4.9(1.4)      0.00       0.06(30)     0.462(88)   0.96(14)                         
 9     1     2.32       4.6(3.0)      7.43e+04        216.13(16)         216.00       -2.6(1.1)      -2.00      2.06(33)     0.518(95)   1.13(13)                         
 10    1     3.43       8.1(4.0)      6.16e+04        390.85(13)         391.00       -2.1(1.0)      -2.00      3.06(25)     0.548(72)   1.03(11)                         
 11    1     3.15       7.1(3.8)      5.01e+04        434.10(13)         434.00        0.06(89)      0.00       5.42(27)     0.612(77)   1.13(11)                         
 12    1     2.70       5.7(3.4)       4.7e+04        463.55(15)         464.00        6.0(1.1)      2.00       5.22(30)     0.586(86)   1.09(12)                         


 Data file name without suffix          =  404850274_tfaw4_ts
 Telescope used                         =  GTC
 Instrument used                        =  CIRCE
 Object being observed                  =  404850274
 J2000 Right Ascension (hh:mm:ss.ssss)  =  18:26:15.0568
 J2000 Declination     (dd:mm:ss.ssss)  =  -14:50:54.242
 Data observed by                       =  Dallilar
 Epoch of observation (MJD)             =  1325.29536961675
 Barycentered?           (1 yes, 0 no)  =  0
 Number of bins in the time series      =  17196
 Width of each time series bin (sec)    =  120
 Any breaks in the data? (1 yes, 0 no)  =  0
 Type of observation (EM band)          =  IR
 Photometric filter used                =  Other
 Field-of-view diameter (arcsec)        =  180.00
 Central wavelength (nm)                =  500.0
 Bandpass (nm)                          =  400.0
 Data analyzed by                       =  unset
 Any additional notes:
   none
